--Binary OBject file export from Blender
BOB = {
   version = 1;
   registry = {
      [0] = {name = "Armature"; type="skeleton";};
      [1] = {name = "Body"; type="model";};
      [2] = {name = "idle"; type="animation";};
   };
   chunks = {
      {
         type = "skeleton";
         name = "Armature";
         version = 1;
         flags = 0;
         bones = {
            {
               name = "hips";
               parent = -1;
               matrix = { -1.0, 1.1372552677357817e-07, 3.6718239471156267e-07, 0.0, -3.29221165884519e-08, 0.9263821840286255, -0.37658512592315674, 0.0, -3.829785271136643e-07, -0.37658506631851196, -0.9263820648193359, 0.0, 4.825737143221431e-09, 0.48690909147262573, 0.0551999993622303, 1.0,  };
            };
            {
               name = "lk_foot.L";
               parent = -1;
               matrix = { -1.0, 0.0, 1.5099580252808664e-07, 0.0, 0.0, -1.0, 0.0, 0.0, 1.5099580252808664e-07, 0.0, 1.0, 0.0, -0.13882020115852356, 0.0851999968290329, 0.01620001159608364, 1.0,  };
            };
            {
               name = "lk_foot.R";
               parent = -1;
               matrix = { -1.0, 0.0, 1.5099580252808664e-07, 0.0, 0.0, -1.0, 0.0, 0.0, 1.5099580252808664e-07, 0.0, 1.0, 0.0, 0.13882020115852356, 0.0851999968290329, 0.01619998924434185, 1.0,  };
            };
            {
               name = "spine";
               parent = 0;
               matrix = { 1.0, -8.719577238025522e-08, 1.2862179765704695e-08, 0.0, 8.719577238025522e-08, 0.9574086666107178, -0.2887357473373413, 0.0, 1.2862181542061535e-08, 0.28873583674430847, 0.9574086666107178, 0.0, -3.552713678800501e-15, 0.10090679675340652, 3.7252896323280993e-09, 1.0,  };
            };
            {
               name = "thigh.L";
               parent = 0;
               matrix = { 0.9982839226722717, 0.05450313910841942, -0.02141655795276165, 0.0, 0.058329299092292786, -0.8930429816246033, 0.44617459177970886, 0.0, 0.00519196642562747, -0.4466581344604492, -0.8946893215179443, 0.0, 0.1245938390493393, 0.018538540229201317, 0.03035876527428627, 1.0,  };
            };
            {
               name = "thigh.R";
               parent = 0;
               matrix = { 0.9982839822769165, -0.05450303852558136, 0.021417614072561264, 0.0, -0.05832953006029129, -0.8930431008338928, 0.44617459177970886, 0.0, -0.00519144581630826, -0.4466581344604492, -0.8946915864944458, 0.0, -0.12459385395050049, 0.018538540229201317, 0.030358685180544853, 1.0,  };
            };
            {
               name = "ribs";
               parent = 3;
               matrix = { 1.0, -9.038642723169232e-09, 2.3906437718324014e-07, 0.0, 4.293627853257931e-08, 0.9898412227630615, -0.142177015542984, 0.0, -2.3535064030966169e-07, 0.1421770304441452, 0.9898412227630615, 0.0, 4.3021142204224816e-16, 0.1805165708065033, -5.558831617236137e-09, 1.0,  };
            };
            {
               name = "shin.L";
               parent = 4;
               matrix = { 0.9989153146743774, 0.045659106224775314, -0.009125801734626293, 0.0, -0.04415164515376091, 0.9910750389099121, 0.12578079104423523, 0.0, 0.014787393622100353, -0.1252414435148239, 0.9920161366462708, 0.0, -4.394451025291346e-09, 0.1899687796831131, -3.2014213502407074e-09, 1.0,  };
            };
            {
               name = "shin.R";
               parent = 5;
               matrix = { 0.9989153146743774, -0.04565905034542084, 0.00912556890398264, 0.0, 0.04415161907672882, 0.9910750985145569, 0.12578056752681732, 0.0, -0.01478714868426323, -0.1252412647008896, 0.9920161366462708, 0.0, -9.1833953774767e-09, 0.1899687647819519, 1.862645149230957e-09, 1.0,  };
            };
            {
               name = "neck";
               parent = 6;
               matrix = { 1.0, 2.3341108601471205e-08, 4.439953293911003e-09, 0.0, -2.3341115706898563e-08, 0.9301600456237793, 0.3671541213989258, 0.0, 4.4398986709381916e-09, -0.3671541213989258, 0.9301600456237793, 0.0, -9.052913974016974e-11, 0.25126415491104126, 0.0014240210875868797, 1.0,  };
            };
            {
               name = "shoulder.L";
               parent = 6;
               matrix = { 0.3252432346343994, -0.04670467600226402, 0.9444763660430908, 0.0, 0.9456303119659424, 0.015454651787877083, -0.3248765170574188, 0.0, 0.0005767644033767283, 0.9987891316413879, 0.04919182509183884, 0.0, 0.031063778325915337, 0.20814920961856842, 0.0422121062874794, 1.0,  };
            };
            {
               name = "shoulder.R";
               parent = 6;
               matrix = { 0.3252433240413666, 0.046704769134521484, -0.9444762468338013, 0.0, -0.9456302523612976, 0.015454649925231934, -0.3248765468597412, 0.0, -0.0005767493858002126, 0.9987891316413879, 0.049191914498806, 0.0, -0.031063778325915337, 0.20814920961856842, 0.042212098836898804, 1.0,  };
            };
            {
               name = "head";
               parent = 9;
               matrix = { 1.0, -2.038906643520022e-08, 3.3582974179324765e-09, 0.0, 2.038907176427074e-08, 0.9471744894981384, -0.3207188844680786, 0.0, 3.358254785368331e-09, 0.3207188844680786, 0.9471744894981384, 0.0, -1.9984014443252818e-15, 0.1125597357749939, -2.2351741790771484e-08, 1.0,  };
            };
            {
               name = "upper_arm.L";
               parent = 10;
               matrix = { -0.13826797902584076, -0.9150431752204895, -0.37891653180122375, 0.0, 0.05896222963929176, 0.3743073046207428, -0.9254280924797058, 0.0, 0.988638162612915, -0.15029893815517426, 0.002198308939114213, 0.0, 0.0025599426589906216, 0.18630869686603546, -0.020383533090353012, 1.0,  };
            };
            {
               name = "upper_arm.R";
               parent = 11;
               matrix = { -0.1382681429386139, 0.9150431156158447, 0.378916472196579, 0.0, -0.058962296694517136, 0.3743073046207428, -0.9254280924797058, 0.0, -0.9886380434036255, -0.150299072265625, 0.0021983387414366007, 0.0, -0.0025599473156034946, 0.18630874156951904, -0.02038358896970749, 1.0,  };
            };
            {
               name = "forearm.L";
               parent = 13;
               matrix = { 0.9293848276138306, -0.20664234459400177, -0.305847704410553, 0.0, 0.2726465165615082, 0.9428725242614746, 0.19145552814006805, 0.0, 0.24881258606910706, -0.2613241970539093, 0.93263179063797, 0.0, 3.771856427192688e-08, 0.23781053721904755, 5.820766091346741e-10, 1.0,  };
            };
            {
               name = "forearm.R";
               parent = 14;
               matrix = { 0.9293848276138306, 0.2066422402858734, 0.3058476746082306, 0.0, -0.27264654636383057, 0.9428725242614746, 0.19145561754703522, 0.0, -0.24881255626678467, -0.2613242268562317, 0.9326318502426147, 0.0, -3.119930624961853e-08, 0.23781052231788635, -5.587935447692871e-09, 1.0,  };
            };
            {
               name = "hand.L";
               parent = 15;
               matrix = { 0.027535906061530113, -0.043723952025175095, -0.998664140701294, 0.0, 0.04203371703624725, 0.998210072517395, -0.04254506528377533, 0.0, 0.9987367391586304, -0.04080602526664734, 0.029324479401111603, 0.0, 3.4226104617118835e-08, 0.2018032819032669, -8.381903171539307e-09, 1.0,  };
            };
            {
               name = "hand.R";
               parent = 16;
               matrix = { 0.027541380375623703, 0.04372414946556091, 0.9986639618873596, 0.0, -0.04203364998102188, 0.9982098937034607, -0.04254506528377533, 0.0, -0.9987365007400513, -0.04080575704574585, 0.029329944401979446, 0.0, -5.820766091346741e-09, 0.20180334150791168, -1.257285475730896e-08, 1.0,  };
            };
            {
               name = "foot.L";
               parent = 1;
               matrix = { 1.0, -3.667543069241219e-07, -2.818961775119533e-07, 0.0, -1.4220931632280553e-07, 0.33614659309387207, -0.9418097138404846, 0.0, 4.4017119193995313e-07, 0.9418097138404846, 0.3361465334892273, 0.0, 2.4461337400083494e-09, 0.0, -4.721716351241412e-10, 1.0,  };
            };
            {
               name = "heel.L";
               parent = 1;
               matrix = { -1.0, 4.2831011342059355e-06, -5.6565486374893226e-06, 0.0, 8.962297215475701e-08, 0.8048001527786255, 0.5935452580451965, 0.0, 7.094608008628711e-06, 0.5935455560684204, -0.8048004508018494, 0.0, 2.4461337400083494e-09, 0.0, -4.721716351241412e-10, 1.0,  };
            };
            {
               name = "toe.L";
               parent = 19;
               matrix = { -1.0, 4.915510771752452e-07, -6.977918474149192e-07, 0.0, 6.66712878683029e-07, 0.9602923393249512, -0.2789947986602783, 0.0, 5.32944284259429e-07, -0.2789948582649231, -0.9602926969528198, 0.0, -6.754410364351315e-10, 0.15608902275562286, 3.767176792734972e-09, 1.0,  };
            };
            {
               name = "foot.R";
               parent = 2;
               matrix = { 1.0, 3.667541932372842e-07, -2.0095498598493577e-08, 0.0, -1.4220930211195082e-07, 0.33614662289619446, -0.9418096542358398, 0.0, -3.38657628162764e-07, 0.9418096542358398, 0.33614659309387207, 0.0, 2.4461304093392755e-09, 0.0, 4.721716351241412e-10, 1.0,  };
            };
            {
               name = "heel.R";
               parent = 2;
               matrix = { -1.0, -4.1038551898964215e-06, 5.715498446079437e-06, 0.0, 8.962274478108156e-08, 0.8048006296157837, 0.5935454964637756, 0.0, -7.035660928522702e-06, 0.5935454368591309, -0.8048005104064941, 0.0, 2.4461304093392755e-09, 0.0, 4.721716351241412e-10, 1.0,  };
            };
            {
               name = "toe.R";
               parent = 22;
               matrix = { -1.0, 5.580683932748798e-07, 3.099883656432212e-07, 0.0, 4.4942387944502116e-07, 0.9602923393249512, -0.2789947986602783, 0.0, -4.533777371307224e-07, -0.2789948582649231, -0.9602924585342407, 0.0, -1.4225713051985167e-08, 0.15608900785446167, 1.904513879935621e-09, 1.0,  };
            };
         };
      };
      {
         type = "model";
         name = "Body";
         version = 1;
         flags = 1;
         primativeType = "TRI";
         vertexFormat = "V3N3T2B4W4";
         indexFormat = "UInt16";
         vertexCount = 462;
         indexCount = 1602;
         skeleton = "Armature";
         meshes={
            {
               material = "Body";
               indexStart = 0;
               indexCount = 1020;
            };
            {
               material = "Hat";
               indexStart = 1020;
               indexCount = 288;
            };
            {
               material = "Axe";
               indexStart = 1308;
               indexCount = 144;
            };
            {
               material = "Backpack";
               indexStart = 1452;
               indexCount = 150;
            };
         };
         materials = {
            {
               name = "Body";
               ambient = { r=0.2000, g=0.2000, b=0.2000 };
               diffuse = { r=0.6400, g=0.6400, b=0.6400 };
               spec = { r=0.5000, g=0.5000, b=0.5000 };
               emission = { r=0.0000, g=0.0000, b=0.0000 };
               shininess = 50.0000;
               alpha = 1.0000;
               diffuseTexture = "miniKnight.png";
            };
            {
               name = "Hat";
               ambient = { r=0.2000, g=0.2000, b=0.2000 };
               diffuse = { r=0.6400, g=0.6400, b=0.6400 };
               spec = { r=0.5000, g=0.5000, b=0.5000 };
               emission = { r=0.0000, g=0.0000, b=0.0000 };
               shininess = 50.0000;
               alpha = 1.0000;
               diffuseTexture = "miniKnight.png";
            };
            {
               name = "Axe";
               ambient = { r=0.2000, g=0.2000, b=0.2000 };
               diffuse = { r=0.6400, g=0.6400, b=0.6400 };
               spec = { r=0.5000, g=0.5000, b=0.5000 };
               emission = { r=0.0000, g=0.0000, b=0.0000 };
               shininess = 50.0000;
               alpha = 1.0000;
               diffuseTexture = "miniKnight.png";
            };
            {
               name = "Backpack";
               ambient = { r=0.2000, g=0.2000, b=0.2000 };
               diffuse = { r=0.6400, g=0.6400, b=0.6400 };
               spec = { r=0.5000, g=0.5000, b=0.5000 };
               emission = { r=0.0000, g=0.0000, b=0.0000 };
               shininess = 50.0000;
               alpha = 1.0000;
               diffuseTexture = "miniKnight.png";
            };
         };
         verts={
            -0.211377, 0.475187, 0.146290,      -0.584674, -0.595447, -0.550951,      0.200500, 0.111700,      0, -1, -1, -1,      1.000000, 0.000000, 0.000000, 0.000000,
            -0.205455, 0.644500, -0.121033,      -0.705893, 0.704856, 0.069765,      0.103400, 0.171300,      3, 0, -1, -1,      0.500000, 0.500000, 0.000000, 0.000000,
            -0.211377, 0.475064, -0.131868,      -0.584674, 0.594958, -0.551469,      0.100800, 0.109700,      0, -1, -1, -1,      1.000000, 0.000000, 0.000000, 0.000000,
            0.000000, 0.983494, 0.113292,      0.000000, -0.683584, 0.729850,      0.184200, 0.365500,      6, -1, -1, -1,      1.000000, 0.000000, 0.000000, 0.000000,
            -0.193588, 0.983371, -0.099362,      -0.569445, 0.558672, 0.602954,      0.109200, 0.293500,      6, -1, -1, -1,      1.000000, 0.000000, 0.000000, 0.000000,
            -0.193588, 0.983494, 0.113293,      -0.569445, -0.558031, 0.603565,      0.185400, 0.295400,      6, -1, -1, -1,      1.000000, 0.000000, 0.000000, 0.000000,
            0.000000, 0.475064, -0.131868,      0.000000, 0.729148, -0.684317,      0.102100, 0.033300,      0, -1, -1, -1,      1.000000, 0.000000, 0.000000, 0.000000,
            0.000000, 0.475187, 0.146290,      0.000000, -0.729759, -0.683676,      0.201800, 0.034900,      0, -1, -1, -1,      1.000000, 0.000000, 0.000000, 0.000000,
            0.000000, 0.475064, -0.131868,      0.000000, 0.729148, -0.684317,      0.025200, 0.116400,      0, -1, -1, -1,      1.000000, 0.000000, 0.000000, 0.000000,
            0.000000, 0.813936, -0.110198,      0.000000, 0.997955, 0.063814,      0.034700, 0.237700,      3, 6, -1, -1,      0.500000, 0.500000, 0.000000, 0.000000,
            -0.199509, 0.813936, -0.110198,      -0.705863, 0.704886, 0.069796,      0.106000, 0.232100,      4, 3, 6, -1,      0.016712, 0.500000, 0.500000, 0.000000,
            -0.199509, 0.814058, 0.124300,      -0.705863, -0.704825, 0.070498,      0.190000, 0.234000,      4, 3, 6, -1,      0.050908, 0.500000, 0.500000, 0.000000,
            -0.205455, 0.644623, 0.135307,      -0.705863, -0.704794, 0.070437,      0.195200, 0.173300,      3, 0, -1, -1,      0.500000, 0.500000, 0.000000, 0.000000,
            0.000000, 0.475187, 0.146290,      0.000000, -0.729759, -0.683676,      0.275600, 0.121800,      0, -1, -1, -1,      1.000000, 0.000000, 0.000000, 0.000000,
            0.000000, 0.644623, 0.135307,      0.000000, -0.997894, 0.064730,      0.268300, 0.182200,      3, 0, -1, -1,      0.500000, 0.500000, 0.000000, 0.000000,
            0.000000, 0.814058, 0.124300,      0.000000, -0.997894, 0.064821,      0.260900, 0.242500,      3, 6, -1, -1,      0.500000, 0.500000, 0.000000, 0.000000,
            0.000000, 0.644500, -0.121033,      0.000000, 0.997955, 0.063814,      0.030000, 0.177000,      3, 0, -1, -1,      0.500000, 0.500000, 0.000000, 0.000000,
            -0.402655, 0.427300, -0.097814,      -0.627827, 0.638447, -0.445143,      0.957500, 0.389100,      17, -1, -1, -1,      1.000000, 0.000000, 0.000000, 0.000000,
            -0.394228, 0.515900, 0.102949,      -0.518632, -0.626118, 0.582202,      0.988700, 0.334200,      17, -1, -1, -1,      1.000000, 0.000000, 0.000000, 0.000000,
            -0.389928, 0.534671, -0.086930,      -0.492599, 0.522721, 0.695730,      0.988500, 0.389700,      17, -1, -1, -1,      1.000000, 0.000000, 0.000000, 0.000000,
            -0.263515, 0.391378, 0.093612,      0.492599, -0.522721, -0.695730,      0.957200, 0.292000,      17, -1, -1, -1,      1.000000, 0.000000, 0.000000, 0.000000,
            -0.250787, 0.498750, 0.104496,      0.627827, -0.638447, 0.445143,      0.988800, 0.292100,      17, -1, -1, -1,      1.000000, 0.000000, 0.000000, 0.000000,
            -0.259215, 0.410150, -0.096266,      0.518632, 0.626118, -0.582202,      0.916100, 0.388400,      17, -1, -1, -1,      1.000000, 0.000000, 0.000000, 0.000000,
            -0.406955, 0.408528, 0.092040,      -0.653859, -0.510178, -0.558672,      0.957700, 0.333600,      17, -1, -1, -1,      1.000000, 0.000000, 0.000000, 0.000000,
            -0.250787, 0.498750, 0.104496,      0.627827, -0.638447, 0.445143,      0.884700, 0.332800,      17, -1, -1, -1,      1.000000, 0.000000, 0.000000, 0.000000,
            -0.246487, 0.517521, -0.085357,      0.653859, 0.510178, 0.558672,      0.884500, 0.388300,      17, -1, -1, -1,      1.000000, 0.000000, 0.000000, 0.000000,
            -0.394228, 0.515900, 0.102949,      -0.518632, -0.626118, 0.582202,      0.842700, 0.332700,      17, -1, -1, -1,      1.000000, 0.000000, 0.000000, 0.000000,
            -0.389928, 0.534671, -0.086930,      -0.492599, 0.522721, 0.695730,      0.842500, 0.388200,      17, -1, -1, -1,      1.000000, 0.000000, 0.000000, 0.000000,
            -0.259215, 0.410150, -0.096266,      0.518632, 0.626118, -0.582202,      0.956800, 0.431600,      17, -1, -1, -1,      1.000000, 0.000000, 0.000000, 0.000000,
            -0.246487, 0.517521, -0.085357,      0.653859, 0.510178, 0.558672,      0.988400, 0.431700,      17, -1, -1, -1,      1.000000, 0.000000, 0.000000, 0.000000,
            -0.388134, 0.545507, -0.094006,      -0.597888, 0.622181, -0.505356,      0.848300, 0.551400,      15, -1, -1, -1,      1.000000, 0.000000, 0.000000, 0.000000,
            -0.257102, 0.509315, 0.107224,      0.449812, -0.484970, -0.749931,      0.871400, 0.612100,      15, -1, -1, -1,      1.000000, 0.000000, 0.000000, 0.000000,
            -0.388871, 0.524819, 0.109533,      -0.598773, -0.498947, -0.626484,      0.836700, 0.604900,      15, -1, -1, -1,      1.000000, 0.000000, 0.000000, 0.000000,
            -0.215283, 0.674598, -0.089485,      0.699515, 0.714560, 0.006653,      0.922100, 0.566600,      15, -1, -1, -1,      1.000000, 0.000000, 0.000000, 0.000000,
            -0.216094, 0.651945, 0.133489,      0.697928, -0.699149, -0.155065,      0.910000, 0.623600,      15, -1, -1, -1,      1.000000, 0.000000, 0.000000, 0.000000,
            -0.394523, 0.694009, -0.086610,      -0.706107, 0.676473, 0.209143,      0.926300, 0.521500,      15, -1, -1, -1,      1.000000, 0.000000, 0.000000, 0.000000,
            -0.256365, 0.530003, -0.096315,      0.449049, 0.635945, -0.627583,      0.882700, 0.557800,      15, -1, -1, -1,      1.000000, 0.000000, 0.000000, 0.000000,
            -0.388134, 0.545507, -0.094006,      -0.597888, 0.622181, -0.505356,      0.886800, 0.521200,      15, -1, -1, -1,      1.000000, 0.000000, 0.000000, 0.000000,
            -0.212065, 0.723395, -0.074006,      0.642201, 0.451430, 0.619465,      0.935600, 0.569500,      15, -1, -1, -1,      1.000000, 0.000000, 0.000000, 0.000000,
            -0.212802, 0.702706, 0.129533,      0.640797, -0.574358, 0.509354,      0.923700, 0.624100,      15, -1, -1, -1,      1.000000, 0.000000, 0.000000, 0.000000,
            -0.257102, 0.509315, 0.107224,      0.449812, -0.484970, -0.749931,      0.881600, 0.429500,      15, -1, -1, -1,      1.000000, 0.000000, 0.000000, 0.000000,
            -0.395333, 0.671330, 0.136364,      -0.707144, -0.705130, 0.051912,      0.926400, 0.464100,      15, -1, -1, -1,      1.000000, 0.000000, 0.000000, 0.000000,
            -0.388871, 0.524819, 0.109533,      -0.598773, -0.498947, -0.626484,      0.886900, 0.465200,      15, -1, -1, -1,      1.000000, 0.000000, 0.000000, 0.000000,
            -0.379019, 0.722289, 0.132433,      -0.436140, -0.599231, 0.671316,      0.940000, 0.463300,      15, -1, -1, -1,      1.000000, 0.000000, 0.000000, 0.000000,
            -0.216094, 0.651945, 0.133489,      0.697928, -0.699149, -0.155065,      0.920600, 0.417500,      15, -1, -1, -1,      1.000000, 0.000000, 0.000000, 0.000000,
            -0.212802, 0.702706, 0.129533,      0.640797, -0.574358, 0.509354,      0.934800, 0.416900,      15, -1, -1, -1,      1.000000, 0.000000, 0.000000, 0.000000,
            -0.378282, 0.742977, -0.071106,      -0.437056, 0.439772, 0.784570,      0.940000, 0.521900,      15, -1, -1, -1,      1.000000, 0.000000, 0.000000, 0.000000,
            -0.378282, 0.742977, -0.071106,      -0.437056, 0.439772, 0.784570,      0.979000, 0.580600,      15, -1, -1, -1,      1.000000, 0.000000, 0.000000, 0.000000,
            -0.379019, 0.722289, 0.132433,      -0.436140, -0.599231, 0.671316,      0.967300, 0.634100,      15, -1, -1, -1,      1.000000, 0.000000, 0.000000, 0.000000,
            -0.041744, -0.007666, -0.194252,      0.577349, 0.577349, -0.577349,      0.922500, 0.258400,      21, -1, -1, -1,      1.000000, 0.000000, 0.000000, 0.000000,
            -0.221254, -0.007666, -0.134055,      -0.577349, -0.577349, -0.577349,      0.869900, 0.275900,      21, -1, -1, -1,      1.000000, 0.000000, 0.000000, 0.000000,
            -0.221254, -0.007666, -0.194252,      -0.577349, 0.577349, -0.577349,      0.869900, 0.258200,      21, -1, -1, -1,      1.000000, 0.000000, 0.000000, 0.000000,
            -0.041744, -0.007666, -0.134055,      0.577349, -0.577349, -0.577349,      0.782100, 0.275300,      21, -1, -1, -1,      1.000000, 0.000000, 0.000000, 0.000000,
            -0.041744, 0.058944, -0.194252,      0.577288, 0.577319, 0.577380,      0.799500, 0.294900,      21, -1, -1, -1,      1.000000, 0.000000, 0.000000, 0.000000,
            -0.041744, 0.058944, -0.134055,      0.577288, -0.577319, 0.577380,      0.781900, 0.294800,      21, -1, -1, -1,      1.000000, 0.000000, 0.000000, 0.000000,
            -0.221254, 0.058919, -0.194252,      -0.577380, 0.577349, 0.577288,      0.852100, 0.295300,      21, -1, -1, -1,      1.000000, 0.000000, 0.000000, 0.000000,
            -0.041744, -0.007666, -0.194252,      0.577349, 0.577349, -0.577349,      0.799700, 0.275400,      21, -1, -1, -1,      1.000000, 0.000000, 0.000000, 0.000000,
            -0.221254, -0.007666, -0.194252,      -0.577349, 0.577349, -0.577349,      0.852300, 0.275800,      21, -1, -1, -1,      1.000000, 0.000000, 0.000000, 0.000000,
            -0.041744, 0.058944, -0.134055,      0.577288, -0.577319, 0.577380,      0.922300, 0.295500,      21, -1, -1, -1,      1.000000, 0.000000, 0.000000, 0.000000,
            -0.221254, 0.058919, -0.194252,      -0.577380, 0.577349, 0.577288,      0.869700, 0.313000,      21, -1, -1, -1,      1.000000, 0.000000, 0.000000, 0.000000,
            -0.221254, 0.058919, -0.134055,      -0.577380, -0.577349, 0.577288,      0.869800, 0.295400,      21, -1, -1, -1,      1.000000, 0.000000, 0.000000, 0.000000,
            -0.041744, -0.007666, -0.134055,      0.577349, -0.577349, -0.577349,      0.922400, 0.276000,      21, -1, -1, -1,      1.000000, 0.000000, 0.000000, 0.000000,
            -0.038919, -0.007666, -0.129510,      0.577349, 0.577349, -0.577349,      0.659600, 0.369400,      1, -1, -1, -1,      1.000000, 0.000000, 0.000000, 0.000000,
            -0.038919, 0.094079, -0.034399,      0.672445, 0.132694, 0.728111,      0.634700, 0.335400,      1, -1, -1, -1,      1.000000, 0.000000, 0.000000, 0.000000,
            -0.038919, -0.007666, 0.086437,      0.577349, -0.577349, -0.577349,      0.669100, 0.304500,      1, -1, -1, -1,      1.000000, 0.000000, 0.000000, 0.000000,
            -0.038919, 0.060148, -0.129510,      0.597522, 0.655354, 0.461989,      0.656800, 0.391000,      1, -1, -1, -1,      1.000000, 0.000000, 0.000000, 0.000000,
            -0.224079, -0.007666, -0.129510,      -0.577349, 0.577349, -0.577349,      0.715300, 0.379300,      1, -1, -1, -1,      1.000000, 0.000000, 0.000000, 0.000000,
            -0.224079, 0.060148, -0.129510,      -0.597522, 0.655324, 0.461989,      0.712100, 0.399600,      1, -1, -1, -1,      1.000000, 0.000000, 0.000000, 0.000000,
            -0.224079, -0.007666, 0.086438,      -0.577349, -0.577349, -0.577349,      0.725200, 0.314800,      1, -1, -1, -1,      1.000000, 0.000000, 0.000000, 0.000000,
            -0.224079, 0.094079, -0.034398,      -0.672445, 0.132694, 0.728111,      0.580900, 0.337900,      1, -1, -1, -1,      1.000000, 0.000000, 0.000000, 0.000000,
            -0.224079, -0.007666, -0.129510,      -0.577349, 0.577349, -0.577349,      0.559500, 0.372700,      1, -1, -1, -1,      1.000000, 0.000000, 0.000000, 0.000000,
            -0.224079, -0.007666, 0.086438,      -0.577349, -0.577349, -0.577349,      0.544300, 0.308600,      1, -1, -1, -1,      1.000000, 0.000000, 0.000000, 0.000000,
            -0.038919, 0.060148, -0.129510,      0.597522, 0.655354, 0.461989,      0.638100, 0.365200,      1, -1, -1, -1,      1.000000, 0.000000, 0.000000, 0.000000,
            -0.224079, 0.096241, 0.086438,      -0.576403, -0.572619, 0.582934,      0.730000, 0.283800,      1, -1, -1, -1,      1.000000, 0.000000, 0.000000, 0.000000,
            -0.224079, 0.096241, 0.086438,      -0.576403, -0.572619, 0.582934,      0.577000, 0.302100,      1, -1, -1, -1,      1.000000, 0.000000, 0.000000, 0.000000,
            -0.038919, 0.096241, 0.086437,      0.576403, -0.572619, 0.582934,      0.635200, 0.299300,      1, -1, -1, -1,      1.000000, 0.000000, 0.000000, 0.000000,
            -0.063514, 0.104472, -0.052974,      0.479904, 0.475204, -0.737449,      0.793500, 0.857700,      7, -1, -1, -1,      1.000000, 0.000000, 0.000000, 0.000000,
            -0.018157, 0.243490, 0.128649,      0.690451, -0.720298, 0.066347,      0.777900, 0.930800,      7, -1, -1, -1,      1.000000, 0.000000, 0.000000, 0.000000,
            -0.063243, 0.104472, 0.086265,      0.479995, -0.485672, -0.730522,      0.758600, 0.886400,      7, -1, -1, -1,      1.000000, 0.000000, 0.000000, 0.000000,
            -0.063243, 0.104472, 0.086265,      0.479995, -0.485672, -0.730522,      0.779900, 0.728400,      7, -1, -1, -1,      1.000000, 0.000000, 0.000000, 0.000000,
            -0.241573, 0.243490, 0.128846,      -0.678365, -0.732780, 0.053011,      0.846500, 0.753200,      7, -1, -1, -1,      1.000000, 0.000000, 0.000000, 0.000000,
            -0.199780, 0.104472, 0.086462,      -0.486312, -0.486740, -0.725608,      0.801600, 0.767600,      7, -1, -1, -1,      1.000000, 0.000000, 0.000000, 0.000000,
            -0.034078, 0.293663, 0.099042,      0.493515, -0.391217, 0.776757,      0.834800, 0.690400,      7, -1, -1, -1,      1.000000, 0.000000, 0.000000, 0.000000,
            -0.230812, 0.293663, 0.099386,      -0.528947, -0.393567, 0.751854,      0.862300, 0.752200,      7, -1, -1, -1,      1.000000, 0.000000, 0.000000, 0.000000,
            -0.034078, 0.293663, 0.099042,      0.493515, -0.391217, 0.776757,      0.795900, 0.937600,      7, -1, -1, -1,      1.000000, 0.000000, 0.000000, 0.000000,
            -0.018796, 0.243490, -0.100173,      0.687124, 0.724845, 0.049196,      0.835000, 0.884200,      7, -1, -1, -1,      1.000000, 0.000000, 0.000000, 0.000000,
            -0.034398, 0.293663, -0.072384,      0.492080, 0.404004, 0.771081,      0.837800, 0.902700,      7, -1, -1, -1,      1.000000, 0.000000, 0.000000, 0.000000,
            -0.242237, 0.243490, -0.099976,      -0.680410, 0.731895, 0.036683,      0.854800, 0.819000,      7, -1, -1, -1,      1.000000, 0.000000, 0.000000, 0.000000,
            -0.200050, 0.104472, -0.052777,      -0.488876, 0.472549, -0.733238,      0.807400, 0.814400,      7, -1, -1, -1,      1.000000, 0.000000, 0.000000, 0.000000,
            -0.199780, 0.104472, 0.086462,      -0.486312, -0.486740, -0.725608,      0.730800, 0.853100,      7, -1, -1, -1,      1.000000, 0.000000, 0.000000, 0.000000,
            -0.200050, 0.104472, -0.052777,      -0.488876, 0.472549, -0.733238,      0.764800, 0.824700,      7, -1, -1, -1,      1.000000, 0.000000, 0.000000, 0.000000,
            -0.034398, 0.293663, -0.072384,      0.492080, 0.404004, 0.771081,      0.856200, 0.882900,      7, -1, -1, -1,      1.000000, 0.000000, 0.000000, 0.000000,
            -0.231156, 0.293663, -0.072065,      -0.527848, 0.400311, 0.749046,      0.870100, 0.816700,      7, -1, -1, -1,      1.000000, 0.000000, 0.000000, 0.000000,
            -0.230812, 0.293663, 0.099386,      -0.528947, -0.393567, 0.751854,      0.836000, 0.985700,      7, -1, -1, -1,      1.000000, 0.000000, 0.000000, 0.000000,
            0.211377, 0.475187, 0.146290,      0.584674, -0.595447, -0.550951,      0.200500, 0.111700,      0, -1, -1, -1,      1.000000, 0.000000, 0.000000, 0.000000,
            0.205456, 0.644500, -0.121033,      0.705893, 0.704856, 0.069765,      0.103400, 0.171300,      11, 3, 0, -1,      0.006740, 0.500000, 0.500000, 0.000000,
            0.205456, 0.644623, 0.135307,      0.705863, -0.704794, 0.070437,      0.195200, 0.173300,      3, 0, -1, -1,      0.500000, 0.500000, 0.000000, 0.000000,
            0.193589, 0.983371, -0.099362,      0.569445, 0.558672, 0.602954,      0.109200, 0.293500,      6, -1, -1, -1,      1.000000, 0.000000, 0.000000, 0.000000,
            0.193589, 0.983494, 0.113292,      0.569445, -0.558031, 0.603565,      0.185400, 0.295400,      6, -1, -1, -1,      1.000000, 0.000000, 0.000000, 0.000000,
            0.211377, 0.475064, -0.131868,      0.584674, 0.594958, -0.551469,      0.100800, 0.109700,      0, -1, -1, -1,      1.000000, 0.000000, 0.000000, 0.000000,
            0.000000, 0.983371, -0.099362,      0.000000, 0.684378, 0.729118,      0.039400, 0.298300,      6, -1, -1, -1,      1.000000, 0.000000, 0.000000, 0.000000,
            0.199510, 0.814058, 0.124300,      0.705863, -0.704825, 0.070498,      0.190000, 0.234000,      5, 3, 6, -1,      0.001666, 0.500000, 0.500000, 0.000000,
            0.199510, 0.813936, -0.110198,      0.705832, 0.704886, 0.069796,      0.106000, 0.232100,      5, 3, 6, -1,      0.012938, 0.500000, 0.500000, 0.000000,
            0.402656, 0.427300, -0.097814,      0.627827, 0.638447, -0.445143,      0.957500, 0.389100,      18, -1, -1, -1,      1.000000, 0.000000, 0.000000, 0.000000,
            0.394228, 0.515900, 0.102948,      0.518632, -0.626118, 0.582202,      0.988700, 0.334200,      18, -1, -1, -1,      1.000000, 0.000000, 0.000000, 0.000000,
            0.406956, 0.408528, 0.092039,      0.653859, -0.510178, -0.558672,      0.957700, 0.333600,      18, -1, -1, -1,      1.000000, 0.000000, 0.000000, 0.000000,
            0.263515, 0.391378, 0.093612,      -0.492599, -0.522721, -0.695730,      0.957200, 0.292000,      18, -1, -1, -1,      1.000000, 0.000000, 0.000000, 0.000000,
            0.250788, 0.498750, 0.104496,      -0.627827, -0.638447, 0.445143,      0.988800, 0.292100,      18, -1, -1, -1,      1.000000, 0.000000, 0.000000, 0.000000,
            0.259215, 0.410150, -0.096266,      -0.518632, 0.626118, -0.582202,      0.916100, 0.388400,      18, -1, -1, -1,      1.000000, 0.000000, 0.000000, 0.000000,
            0.263515, 0.391378, 0.093612,      -0.492599, -0.522721, -0.695730,      0.916300, 0.332900,      18, -1, -1, -1,      1.000000, 0.000000, 0.000000, 0.000000,
            0.250788, 0.498750, 0.104496,      -0.627827, -0.638447, 0.445143,      0.884700, 0.332800,      18, -1, -1, -1,      1.000000, 0.000000, 0.000000, 0.000000,
            0.246488, 0.517521, -0.085357,      -0.653859, 0.510178, 0.558672,      0.884500, 0.388300,      18, -1, -1, -1,      1.000000, 0.000000, 0.000000, 0.000000,
            0.394228, 0.515900, 0.102948,      0.518632, -0.626118, 0.582202,      0.842700, 0.332700,      18, -1, -1, -1,      1.000000, 0.000000, 0.000000, 0.000000,
            0.389929, 0.534671, -0.086930,      0.492599, 0.522721, 0.695730,      0.842500, 0.388200,      18, -1, -1, -1,      1.000000, 0.000000, 0.000000, 0.000000,
            0.259215, 0.410150, -0.096266,      -0.518632, 0.626118, -0.582202,      0.956800, 0.431600,      18, -1, -1, -1,      1.000000, 0.000000, 0.000000, 0.000000,
            0.389929, 0.534671, -0.086930,      0.492599, 0.522721, 0.695730,      0.988500, 0.389700,      18, -1, -1, -1,      1.000000, 0.000000, 0.000000, 0.000000,
            0.388135, 0.545507, -0.094006,      0.597888, 0.622181, -0.505356,      0.848300, 0.551400,      16, -1, -1, -1,      1.000000, 0.000000, 0.000000, 0.000000,
            0.257102, 0.509315, 0.107224,      -0.449812, -0.484970, -0.749931,      0.871400, 0.612100,      16, -1, -1, -1,      1.000000, 0.000000, 0.000000, 0.000000,
            0.256365, 0.530003, -0.096316,      -0.449049, 0.635945, -0.627583,      0.882700, 0.557800,      16, -1, -1, -1,      1.000000, 0.000000, 0.000000, 0.000000,
            0.215284, 0.674598, -0.089485,      -0.699515, 0.714560, 0.006653,      0.922100, 0.566600,      16, -1, -1, -1,      1.000000, 0.000000, 0.000000, 0.000000,
            0.216095, 0.651945, 0.133489,      -0.697928, -0.699149, -0.155065,      0.910000, 0.623600,      16, -1, -1, -1,      1.000000, 0.000000, 0.000000, 0.000000,
            0.394523, 0.694009, -0.086610,      0.706107, 0.676473, 0.209143,      0.926300, 0.521500,      16, -1, -1, -1,      1.000000, 0.000000, 0.000000, 0.000000,
            0.212065, 0.723395, -0.074006,      -0.642201, 0.451430, 0.619465,      0.935600, 0.569500,      16, -1, -1, -1,      1.000000, 0.000000, 0.000000, 0.000000,
            0.212802, 0.702706, 0.129533,      -0.640797, -0.574358, 0.509354,      0.923700, 0.624100,      16, -1, -1, -1,      1.000000, 0.000000, 0.000000, 0.000000,
            0.395334, 0.671330, 0.136364,      0.707144, -0.705130, 0.051912,      0.926400, 0.464100,      16, -1, -1, -1,      1.000000, 0.000000, 0.000000, 0.000000,
            0.257102, 0.509315, 0.107224,      -0.449812, -0.484970, -0.749931,      0.881600, 0.429500,      16, -1, -1, -1,      1.000000, 0.000000, 0.000000, 0.000000,
            0.388872, 0.524819, 0.109533,      0.598773, -0.498947, -0.626484,      0.886900, 0.465200,      16, -1, -1, -1,      1.000000, 0.000000, 0.000000, 0.000000,
            0.379019, 0.722289, 0.132433,      0.436140, -0.599231, 0.671316,      0.940000, 0.463300,      16, -1, -1, -1,      1.000000, 0.000000, 0.000000, 0.000000,
            0.216095, 0.651945, 0.133489,      -0.697928, -0.699149, -0.155065,      0.920600, 0.417500,      16, -1, -1, -1,      1.000000, 0.000000, 0.000000, 0.000000,
            0.378282, 0.742977, -0.071107,      0.437056, 0.439772, 0.784570,      0.940000, 0.521900,      16, -1, -1, -1,      1.000000, 0.000000, 0.000000, 0.000000,
            0.378282, 0.742977, -0.071107,      0.437056, 0.439772, 0.784570,      0.979000, 0.580600,      16, -1, -1, -1,      1.000000, 0.000000, 0.000000, 0.000000,
            0.379019, 0.722289, 0.132433,      0.436140, -0.599231, 0.671316,      0.967300, 0.634100,      16, -1, -1, -1,      1.000000, 0.000000, 0.000000, 0.000000,
            0.221254, -0.007666, -0.134055,      0.577349, -0.577349, -0.577349,      0.869900, 0.275900,      24, -1, -1, -1,      1.000000, 0.000000, 0.000000, 0.000000,
            0.041745, -0.007666, -0.194252,      -0.577349, 0.577349, -0.577349,      0.922500, 0.258400,      24, -1, -1, -1,      1.000000, 0.000000, 0.000000, 0.000000,
            0.221254, -0.007666, -0.194252,      0.577349, 0.577349, -0.577349,      0.869900, 0.258200,      24, -1, -1, -1,      1.000000, 0.000000, 0.000000, 0.000000,
            0.041745, 0.058944, -0.194252,      -0.577288, 0.577319, 0.577380,      0.799500, 0.294900,      24, -1, -1, -1,      1.000000, 0.000000, 0.000000, 0.000000,
            0.041745, -0.007666, -0.134055,      -0.577349, -0.577349, -0.577349,      0.782100, 0.275300,      24, -1, -1, -1,      1.000000, 0.000000, 0.000000, 0.000000,
            0.041745, 0.058944, -0.134055,      -0.577288, -0.577319, 0.577380,      0.781900, 0.294800,      24, -1, -1, -1,      1.000000, 0.000000, 0.000000, 0.000000,
            0.221254, 0.058919, -0.194252,      0.577380, 0.577349, 0.577288,      0.852100, 0.295300,      24, -1, -1, -1,      1.000000, 0.000000, 0.000000, 0.000000,
            0.041745, -0.007666, -0.194252,      -0.577349, 0.577349, -0.577349,      0.799700, 0.275400,      24, -1, -1, -1,      1.000000, 0.000000, 0.000000, 0.000000,
            0.221254, 0.058919, -0.194252,      0.577380, 0.577349, 0.577288,      0.869700, 0.313000,      24, -1, -1, -1,      1.000000, 0.000000, 0.000000, 0.000000,
            0.041745, 0.058944, -0.134055,      -0.577288, -0.577319, 0.577380,      0.922300, 0.295500,      24, -1, -1, -1,      1.000000, 0.000000, 0.000000, 0.000000,
            0.221254, 0.058919, -0.134055,      0.577380, -0.577349, 0.577288,      0.869800, 0.295400,      24, -1, -1, -1,      1.000000, 0.000000, 0.000000, 0.000000,
            0.041745, -0.007666, -0.134055,      -0.577349, -0.577349, -0.577349,      0.922400, 0.276000,      24, -1, -1, -1,      1.000000, 0.000000, 0.000000, 0.000000,
            0.221254, -0.007666, -0.194252,      0.577349, 0.577349, -0.577349,      0.852300, 0.275800,      24, -1, -1, -1,      1.000000, 0.000000, 0.000000, 0.000000,
            0.038919, 0.094079, -0.034399,      -0.672445, 0.132694, 0.728111,      0.634700, 0.335400,      2, -1, -1, -1,      1.000000, 0.000000, 0.000000, 0.000000,
            0.038919, -0.007666, -0.129510,      -0.577349, 0.577349, -0.577349,      0.659600, 0.369400,      2, -1, -1, -1,      1.000000, 0.000000, 0.000000, 0.000000,
            0.038919, -0.007666, 0.086437,      -0.577349, -0.577349, -0.577349,      0.669100, 0.304500,      2, -1, -1, -1,      1.000000, 0.000000, 0.000000, 0.000000,
            0.224080, -0.007666, -0.129510,      0.577349, 0.577349, -0.577349,      0.715300, 0.379300,      2, -1, -1, -1,      1.000000, 0.000000, 0.000000, 0.000000,
            0.038919, 0.060148, -0.129510,      -0.597522, 0.655354, 0.461989,      0.656800, 0.391000,      2, -1, -1, -1,      1.000000, 0.000000, 0.000000, 0.000000,
            0.224080, 0.060148, -0.129510,      0.597522, 0.655354, 0.461989,      0.712100, 0.399600,      2, -1, -1, -1,      1.000000, 0.000000, 0.000000, 0.000000,
            0.224080, -0.007666, 0.086437,      0.577349, -0.577349, -0.577349,      0.725200, 0.314800,      2, -1, -1, -1,      1.000000, 0.000000, 0.000000, 0.000000,
            0.224080, 0.094079, -0.034399,      0.672445, 0.132694, 0.728111,      0.580900, 0.337900,      2, -1, -1, -1,      1.000000, 0.000000, 0.000000, 0.000000,
            0.224080, -0.007666, -0.129510,      0.577349, 0.577349, -0.577349,      0.559500, 0.372700,      2, -1, -1, -1,      1.000000, 0.000000, 0.000000, 0.000000,
            0.224080, 0.060148, -0.129510,      0.597522, 0.655354, 0.461989,      0.580400, 0.367900,      2, -1, -1, -1,      1.000000, 0.000000, 0.000000, 0.000000,
            0.038919, 0.060148, -0.129510,      -0.597522, 0.655354, 0.461989,      0.638100, 0.365200,      2, -1, -1, -1,      1.000000, 0.000000, 0.000000, 0.000000,
            0.224080, 0.096241, 0.086437,      0.576403, -0.572619, 0.582934,      0.730000, 0.283800,      2, -1, -1, -1,      1.000000, 0.000000, 0.000000, 0.000000,
            0.224080, 0.096241, 0.086437,      0.576403, -0.572619, 0.582934,      0.577000, 0.302100,      2, -1, -1, -1,      1.000000, 0.000000, 0.000000, 0.000000,
            0.038919, 0.096241, 0.086437,      -0.576403, -0.572619, 0.582934,      0.635200, 0.299300,      2, -1, -1, -1,      1.000000, 0.000000, 0.000000, 0.000000,
            0.224080, -0.007666, 0.086437,      0.577349, -0.577349, -0.577349,      0.544300, 0.308600,      2, -1, -1, -1,      1.000000, 0.000000, 0.000000, 0.000000,
            0.063514, 0.104472, -0.052974,      -0.479904, 0.475204, -0.737449,      0.793500, 0.857700,      8, -1, -1, -1,      1.000000, 0.000000, 0.000000, 0.000000,
