--Binary OBject file export from Blender
BOB = {
   version = 1;
   registry = {
      [0] = {name = "Armature"; type="skeleton";};
      [1] = {name = "Body"; type="model";};
      [2] = {name = "idle"; type="animation";};
   };
   chunks = {
      {
         type = "skeleton";
         name = "Armature";
         version = 1;
         flags = 0;
         bones = {
            {
               name = "hips";
               parent = -1;
               matrix = { -1.0, 1.1372552677357817e-07, 3.6718239471156267e-07, 0.0, -3.29221165884519e-08, 0.9263821840286255, -0.37658512592315674, 0.0, -3.829785271136643e-07, -0.37658506631851196, -0.9263820648193359, 0.0, 4.825737143221431e-09, 0.48690909147262573, 0.0551999993622303, 1.0,  };
            };
            {
               name = "lk_foot.L";
               parent = -1;
               matrix = { -1.0, 0.0, 1.5099580252808664e-07, 0.0, 0.0, -1.0, 0.0, 0.0, 1.5099580252808664e-07, 0.0, 1.0, 0.0, -0.13882020115852356, 0.0851999968290329, 0.01620001159608364, 1.0,  };
            };
            {
               name = "lk_foot.R";
               parent = -1;
               matrix = { -1.0, 0.0, 1.5099580252808664e-07, 0.0, 0.0, -1.0, 0.0, 0.0, 1.5099580252808664e-07, 0.0, 1.0, 0.0, 0.13882020115852356, 0.0851999968290329, 0.01619998924434185, 1.0,  };
            };
            {
               name = "spine";
               parent = 0;
               matrix = { -1.0, 2.810519816875967e-08, 3.881037287101208e-07, 0.0, -8.136098017530458e-09, 0.9956600069999695, -0.0930662453174591, 0.0, -3.8903496601960796e-07, -0.09306612610816956, -0.9956599473953247, 0.0, 1.503671409608387e-09, 0.5803873538970947, 0.017199993133544922, 1.0,  };
            };
            {
               name = "thigh.L";
               parent = 0;
               matrix = { -0.9982839226722717, 0.05855601280927658, -0.000684790313243866, 0.0, -0.05832944065332413, -0.9953218698501587, -0.07702142000198364, 0.0, -0.005191609263420105, -0.07684949040412903, 0.9970290660858154, 0.0, -0.12459384649991989, 0.49265021085739136, 0.020094890147447586, 1.0,  };
            };
            {
               name = "thigh.R";
               parent = 0;
               matrix = { -0.9982839822769165, -0.05855608731508255, 0.0006845053285360336, 0.0, 0.05832938849925995, -0.9953219890594482, -0.07702142000198364, 0.0, 0.005191802978515625, -0.07684865593910217, 0.9970310926437378, 0.0, 0.12459384649991989, 0.49265021085739136, 0.020094871520996094, 1.0,  };
            };
            {
               name = "ribs";
               parent = 3;
               matrix = { -1.0, -3.1430129610043878e-09, 1.5091809757450392e-07, 0.0, 4.322103563936253e-09, 0.9987772107124329, 0.04943915456533432, 0.0, -1.5088893690062832e-07, 0.049439288675785065, -0.9987771511077881, 0.0, 3.497069300806288e-11, 0.7601205110549927, 0.0003999900072813034, 1.0,  };
            };
            {
               name = "shin.L";
               parent = 4;
               matrix = { -0.9998170137405396, 0.01374830398708582, -0.013299466110765934, 0.0, -0.014385977759957314, -0.998690128326416, 0.04910333454608917, 0.0, -0.012606914155185223, 0.04928550869226456, 0.9987050294876099, 0.0, -0.1356746107339859, 0.3035701811313629, 0.005463228560984135, 1.0,  };
            };
            {
               name = "shin.R";
               parent = 5;
               matrix = { -0.9998170733451843, -0.013748405501246452, 0.013298964127898216, 0.0, 0.014385979622602463, -0.9986902475357056, 0.049103349447250366, 0.0, 0.012606878764927387, 0.04928615689277649, 0.9987070560455322, 0.0, 0.1356746107339859, 0.3035701513290405, 0.005463210865855217, 1.0,  };
            };
            {
               name = "neck";
               parent = 6;
               matrix = { -1.0, 2.038906288248654e-08, 1.4763753597435425e-07, 0.0, -2.8038133592644954e-08, 0.9471744894981384, -0.32071882486343384, 0.0, -1.463776584387233e-07, -0.3207187354564667, -0.9471744298934937, 0.0, 9.966202307865046e-10, 1.0111477375030518, 0.011399989947676659, 1.0,  };
            };
            {
               name = "shoulder.L";
               parent = 6;
               matrix = { -0.32524338364601135, 4.667043685913086e-05, -0.9456303715705872, 0.0, -0.9456302523612976, -0.0006259121000766754, 0.32524344325065613, 0.0, -0.0005767674883827567, 0.9999998807907104, 0.00024761632084846497, 0.0, -0.031063783913850784, 0.9701021313667297, -0.03146977722644806, 1.0,  };
            };
            {
               name = "shoulder.R";
               parent = 6;
               matrix = { -0.32524317502975464, -4.657357931137085e-05, 0.9456303715705872, 0.0, 0.9456303119659424, -0.0006259102374315262, 0.325243204832077, 0.0, 0.0005767463007941842, 0.9999998807907104, 0.0002475269138813019, 0.0, 0.03106377273797989, 0.9701021313667297, -0.03146977722644806, 1.0,  };
            };
            {
               name = "head";
               parent = 9;
               matrix = { -1.0, -7.771561172376096e-15, 1.5099580252808664e-07, 0.0, 0.0, 1.0, 2.9802322387695312e-08, 0.0, -1.5099580252808664e-07, 1.1920928955078125e-07, -1.0, 0.0, -2.1593420385102036e-09, 1.1177613735198975, -0.02470000647008419, 1.0,  };
            };
            {
               name = "upper_arm.L";
               parent = 10;
               matrix = { 0.910481870174408, -0.3783501982688904, -0.16695521771907806, 0.0, -0.37259966135025024, -0.9256594777107239, 0.06575538218021393, 0.0, -0.17942208051681519, 0.0023385225795209408, -0.9837694764137268, 0.0, -0.2080637812614441, 0.9496020674705505, 0.026700101792812347, 1.0,  };
            };
            {
               name = "upper_arm.R";
               parent = 11;
               matrix = { 0.9104818105697632, 0.3783501088619232, 0.16695480048656464, 0.0, 0.37259966135025024, -0.9256594777107239, 0.06575530022382736, 0.0, 0.17942169308662415, 0.002338456455618143, -0.9837693572044373, 0.0, 0.20806381106376648, 0.9496020674705505, 0.026700064539909363, 1.0,  };
            };
            {
               name = "forearm.L";
               parent = 13;
               matrix = { 0.9780586957931519, -0.16106772422790527, 0.13213013112545013, 0.0, -0.13742561638355255, -0.9754870533943176, -0.1718689203262329, 0.0, 0.15657393634319305, 0.1499399095773697, -0.9762187004089355, 0.0, -0.29667186737060547, 0.7294706106185913, 0.04233741760253906, 1.0,  };
            };
            {
               name = "forearm.R";
               parent = 14;
               matrix = { 0.9780585765838623, 0.16106772422790527, -0.1321304589509964, 0.0, 0.13742554187774658, -0.9754869937896729, -0.1718689501285553, 0.0, -0.15657426416873932, 0.1499399095773697, -0.9762184619903564, 0.0, 0.29667189717292786, 0.7294706106185913, 0.042337361723184586, 1.0,  };
            };
            {
               name = "hand.L";
               parent = 15;
               matrix = { -0.12342424690723419, -0.1115226000547409, 0.9860676527023315, 0.0, -0.10272965580224991, -0.9868904948234558, -0.12447407841682434, 0.0, 0.9870223999023438, -0.11666158586740494, 0.11034940183162689, 0.0, -0.3244048058986664, 0.5326141119003296, 0.007653709501028061, 1.0,  };
            };
            {
               name = "hand.R";
               parent = 16;
               matrix = { -0.12341916561126709, 0.11152324825525284, -0.9860680103302002, 0.0, 0.10272963345050812, -0.9868902564048767, -0.12447408586740494, 0.0, -0.987022876739502, -0.11666101217269897, 0.11034432053565979, 0.0, 0.32440483570098877, 0.5326141119003296, 0.007653642445802689, 1.0,  };
            };
            {
               name = "foot.L";
               parent = 1;
               matrix = { -1.0, 3.667543069241219e-07, -1.3090037498386664e-07, 0.0, 0.0, -0.33614659309387207, -0.9418097138404846, 0.0, -3.8941448110563215e-07, -0.9418097138404846, 0.3361465334892273, 0.0, -0.13882020115852356, 0.0851999968290329, 0.01620001159608364, 1.0,  };
            };
            {
               name = "heel.L";
               parent = 1;
               matrix = { 1.0, -4.2831011342059355e-06, -5.807544312119717e-06, 0.0, -1.2789769243681803e-13, -0.8048001527786255, 0.5935452580451965, 0.0, -7.21612968845875e-06, -0.5935455560684204, -0.8048004508018494, 0.0, -0.13882020115852356, 0.0851999968290329, 0.01620001159608364, 1.0,  };
            };
            {
               name = "toe.L";
               parent = 19;
               matrix = { 1.0, 1.2519961956058978e-07, -5.666074684995692e-07, 0.0, -5.580682795880421e-07, -0.060039013624191284, -0.9981957674026489, 0.0, -1.5899240679573268e-07, 0.9981961250305176, -0.060039013624191284, 0.0, -0.13882020115852356, 0.032731205224990845, -0.13080614805221558, 1.0,  };
            };
            {
               name = "foot.R";
               parent = 2;
               matrix = { -1.0, -3.667541932372842e-07, 1.3090030392959306e-07, 0.0, 0.0, -0.33614662289619446, -0.9418096542358398, 0.0, 3.8941436741879443e-07, -0.9418096542358398, 0.33614659309387207, 0.0, 0.13882020115852356, 0.0851999968290329, 0.01619998924434185, 1.0,  };
            };
            {
               name = "heel.R";
               parent = 2;
               matrix = { 1.0, 4.1038551898964215e-06, 5.5645027714490425e-06, 0.0, 1.3500311979441904e-13, -0.8048006296157837, 0.5935454964637756, 0.0, 6.914139248692663e-06, -0.5935454368591309, -0.8048005104064941, 0.0, 0.13882020115852356, 0.0851999968290329, 0.01619998924434185, 1.0,  };
            };
            {
               name = "toe.R";
               parent = 22;
               matrix = { 1.0, -1.127886548601964e-07, -5.52292988231784e-07, 0.0, -5.580684501182986e-07, -0.06003904342651367, -0.9981958270072937, 0.0, 7.94260586189921e-08, 0.9981959462165833, -0.060039013624191284, 0.0, 0.13882020115852356, 0.032731205224990845, -0.13080614805221558, 1.0,  };
            };
         };
      };
      {
         type = "model";
         name = "Body";
         version = 1;
         flags = 1;
         primativeType = "TRI";
         vertexFormat = "V3N3T2B4W4";
         indexFormat = "UInt16";
         vertexCount = 462;
         indexCount = 1602;
         skeleton = "Armature";
         meshes={
            {
               material = "Body";
               indexStart = 0;
               indexCount = 1020;
            };
            {
               material = "Hat";
               indexStart = 1020;
               indexCount = 288;
            };
            {
               material = "Axe";
               indexStart = 1308;
               indexCount = 144;
            };
            {
               material = "Backpack";
               indexStart = 1452;
               indexCount = 150;
            };
         };
         materials = {
            {
               name = "Body";
               ambient = { r=0.2000, g=0.2000, b=0.2000 };
               diffuse = { r=0.6400, g=0.6400, b=0.6400 };
               spec = { r=0.5000, g=0.5000, b=0.5000 };
               emission = { r=0.0000, g=0.0000, b=0.0000 };
               shininess = 50.0000;
               alpha = 1.0000;
               diffuseTexture = "miniKnight.png";
            };
            {
               name = "Hat";
               ambient = { r=0.2000, g=0.2000, b=0.2000 };
               diffuse = { r=0.6400, g=0.6400, b=0.6400 };
               spec = { r=0.5000, g=0.5000, b=0.5000 };
               emission = { r=0.0000, g=0.0000, b=0.0000 };
               shininess = 50.0000;
               alpha = 1.0000;
               diffuseTexture = "miniKnight.png";
            };
            {
               name = "Axe";
               ambient = { r=0.2000, g=0.2000, b=0.2000 };
               diffuse = { r=0.6400, g=0.6400, b=0.6400 };
               spec = { r=0.5000, g=0.5000, b=0.5000 };
               emission = { r=0.0000, g=0.0000, b=0.0000 };
               shininess = 50.0000;
               alpha = 1.0000;
               diffuseTexture = "miniKnight.png";
            };
            {
               name = "Backpack";
               ambient = { r=0.2000, g=0.2000, b=0.2000 };
               diffuse = { r=0.6400, g=0.6400, b=0.6400 };
               spec = { r=0.5000, g=0.5000, b=0.5000 };
               emission = { r=0.0000, g=0.0000, b=0.0000 };
               shininess = 50.0000;
               alpha = 1.0000;
               diffuseTexture = "miniKnight.png";
            };
         };
         verts={
            -0.211377, 0.475187, 0.146290,      -0.584674, -0.595447, -0.550951,      0.200500, 0.111700,      0, -1, -1, -1,      1.000000, 0.000000, 0.000000, 0.000000,
            -0.205455, 0.644500, -0.121033,      -0.705893, 0.704856, 0.069765,      0.103400, 0.171300,      3, 0, -1, -1,      0.500000, 0.500000, 0.000000, 0.000000,
            -0.211377, 0.475064, -0.131868,      -0.584674, 0.594958, -0.551469,      0.100800, 0.109700,      0, -1, -1, -1,      1.000000, 0.000000, 0.000000, 0.000000,
            0.000000, 0.983494, 0.113292,      0.000000, -0.683584, 0.729850,      0.184200, 0.365500,      6, -1, -1, -1,      1.000000, 0.000000, 0.000000, 0.000000,
            -0.193588, 0.983371, -0.099362,      -0.569445, 0.558672, 0.602954,      0.109200, 0.293500,      6, -1, -1, -1,      1.000000, 0.000000, 0.000000, 0.000000,
            -0.193588, 0.983494, 0.113293,      -0.569445, -0.558031, 0.603565,      0.185400, 0.295400,      6, -1, -1, -1,      1.000000, 0.000000, 0.000000, 0.000000,
            0.000000, 0.475064, -0.131868,      0.000000, 0.729148, -0.684317,      0.102100, 0.033300,      0, -1, -1, -1,      1.000000, 0.000000, 0.000000, 0.000000,
            0.000000, 0.475187, 0.146290,      0.000000, -0.729759, -0.683676,      0.201800, 0.034900,      0, -1, -1, -1,      1.000000, 0.000000, 0.000000, 0.000000,
            0.000000, 0.475064, -0.131868,      0.000000, 0.729148, -0.684317,      0.025200, 0.116400,      0, -1, -1, -1,      1.000000, 0.000000, 0.000000, 0.000000,
            0.000000, 0.813936, -0.110198,      0.000000, 0.997955, 0.063814,      0.034700, 0.237700,      3, 6, -1, -1,      0.500000, 0.500000, 0.000000, 0.000000,
            -0.199509, 0.813936, -0.110198,      -0.705863, 0.704886, 0.069796,      0.106000, 0.232100,      4, 3, 6, -1,      0.016712, 0.500000, 0.500000, 0.000000,
            -0.199509, 0.814058, 0.124300,      -0.705863, -0.704825, 0.070498,      0.190000, 0.234000,      4, 3, 6, -1,      0.050908, 0.500000, 0.500000, 0.000000,
            -0.205455, 0.644623, 0.135307,      -0.705863, -0.704794, 0.070437,      0.195200, 0.173300,      3, 0, -1, -1,      0.500000, 0.500000, 0.000000, 0.000000,
            0.000000, 0.475187, 0.146290,      0.000000, -0.729759, -0.683676,      0.275600, 0.121800,      0, -1, -1, -1,      1.000000, 0.000000, 0.000000, 0.000000,
            0.000000, 0.644623, 0.135307,      0.000000, -0.997894, 0.064730,      0.268300, 0.182200,      3, 0, -1, -1,      0.500000, 0.500000, 0.000000, 0.000000,
            0.000000, 0.814058, 0.124300,      0.000000, -0.997894, 0.064821,      0.260900, 0.242500,      3, 6, -1, -1,      0.500000, 0.500000, 0.000000, 0.000000,
            0.000000, 0.644500, -0.121033,      0.000000, 0.997955, 0.063814,      0.030000, 0.177000,      3, 0, -1, -1,      0.500000, 0.500000, 0.000000, 0.000000,
            -0.402655, 0.427300, -0.097814,      -0.627827, 0.638447, -0.445143,      0.957500, 0.389100,      17, -1, -1, -1,      1.000000, 0.000000, 0.000000, 0.000000,
            -0.394228, 0.515900, 0.102949,      -0.518632, -0.626118, 0.582202,      0.988700, 0.334200,      17, -1, -1, -1,      1.000000, 0.000000, 0.000000, 0.000000,
            -0.389928, 0.534671, -0.086930,      -0.492599, 0.522721, 0.695730,      0.988500, 0.389700,      17, -1, -1, -1,      1.000000, 0.000000, 0.000000, 0.000000,
            -0.263515, 0.391378, 0.093612,      0.492599, -0.522721, -0.695730,      0.957200, 0.292000,      17, -1, -1, -1,      1.000000, 0.000000, 0.000000, 0.000000,
            -0.250787, 0.498750, 0.104496,      0.627827, -0.638447, 0.445143,      0.988800, 0.292100,      17, -1, -1, -1,      1.000000, 0.000000, 0.000000, 0.000000,
            -0.259215, 0.410150, -0.096266,      0.518632, 0.626118, -0.582202,      0.916100, 0.388400,      17, -1, -1, -1,      1.000000, 0.000000, 0.000000, 0.000000,
            -0.406955, 0.408528, 0.092040,      -0.653859, -0.510178, -0.558672,      0.957700, 0.333600,      17, -1, -1, -1,      1.000000, 0.000000, 0.000000, 0.000000,
            -0.250787, 0.498750, 0.104496,      0.627827, -0.638447, 0.445143,      0.884700, 0.332800,      17, -1, -1, -1,      1.000000, 0.000000, 0.000000, 0.000000,
            -0.246487, 0.517521, -0.085357,      0.653859, 0.510178, 0.558672,      0.884500, 0.388300,      17, -1, -1, -1,      1.000000, 0.000000, 0.000000, 0.000000,
            -0.394228, 0.515900, 0.102949,      -0.518632, -0.626118, 0.582202,      0.842700, 0.332700,      17, -1, -1, -1,      1.000000, 0.000000, 0.000000, 0.000000,
            -0.389928, 0.534671, -0.086930,      -0.492599, 0.522721, 0.695730,      0.842500, 0.388200,      17, -1, -1, -1,      1.000000, 0.000000, 0.000000, 0.000000,
            -0.259215, 0.410150, -0.096266,      0.518632, 0.626118, -0.582202,      0.956800, 0.431600,      17, -1, -1, -1,      1.000000, 0.000000, 0.000000, 0.000000,
            -0.246487, 0.517521, -0.085357,      0.653859, 0.510178, 0.558672,      0.988400, 0.431700,      17, -1, -1, -1,      1.000000, 0.000000, 0.000000, 0.000000,
            -0.388134, 0.545507, -0.094006,      -0.597888, 0.622181, -0.505356,      0.848300, 0.551400,      15, -1, -1, -1,      1.000000, 0.000000, 0.000000, 0.000000,
            -0.257102, 0.509315, 0.107224,      0.449812, -0.484970, -0.749931,      0.871400, 0.612100,      15, -1, -1, -1,      1.000000, 0.000000, 0.000000, 0.000000,
            -0.388871, 0.524819, 0.109533,      -0.598773, -0.498947, -0.626484,      0.836700, 0.604900,      15, -1, -1, -1,      1.000000, 0.000000, 0.000000, 0.000000,
            -0.215283, 0.674598, -0.089485,      0.699515, 0.714560, 0.006653,      0.922100, 0.566600,      15, -1, -1, -1,      1.000000, 0.000000, 0.000000, 0.000000,
            -0.216094, 0.651945, 0.133489,      0.697928, -0.699149, -0.155065,      0.910000, 0.623600,      15, -1, -1, -1,      1.000000, 0.000000, 0.000000, 0.000000,
            -0.394523, 0.694009, -0.086610,      -0.706107, 0.676473, 0.209143,      0.926300, 0.521500,      15, -1, -1, -1,      1.000000, 0.000000, 0.000000, 0.000000,
            -0.256365, 0.530003, -0.096315,      0.449049, 0.635945, -0.627583,      0.882700, 0.557800,      15, -1, -1, -1,      1.000000, 0.000000, 0.000000, 0.000000,
            -0.388134, 0.545507, -0.094006,      -0.597888, 0.622181, -0.505356,      0.886800, 0.521200,      15, -1, -1, -1,      1.000000, 0.000000, 0.000000, 0.000000,
            -0.212065, 0.723395, -0.074006,      0.642201, 0.451430, 0.619465,      0.935600, 0.569500,      15, -1, -1, -1,      1.000000, 0.000000, 0.000000, 0.000000,
            -0.212802, 0.702706, 0.129533,      0.640797, -0.574358, 0.509354,      0.923700, 0.624100,      15, -1, -1, -1,      1.000000, 0.000000, 0.000000, 0.000000,
            -0.257102, 0.509315, 0.107224,      0.449812, -0.484970, -0.749931,      0.881600, 0.429500,      15, -1, -1, -1,      1.000000, 0.000000, 0.000000, 0.000000,
            -0.395333, 0.671330, 0.136364,      -0.707144, -0.705130, 0.051912,      0.926400, 0.464100,      15, -1, -1, -1,      1.000000, 0.000000, 0.000000, 0.000000,
            -0.388871, 0.524819, 0.109533,      -0.598773, -0.498947, -0.626484,      0.886900, 0.465200,      15, -1, -1, -1,      1.000000, 0.000000, 0.000000, 0.000000,
            -0.379019, 0.722289, 0.132433,      -0.436140, -0.599231, 0.671316,      0.940000, 0.463300,      15, -1, -1, -1,      1.000000, 0.000000, 0.000000, 0.000000,
            -0.216094, 0.651945, 0.133489,      0.697928, -0.699149, -0.155065,      0.920600, 0.417500,      15, -1, -1, -1,      1.000000, 0.000000, 0.000000, 0.000000,
            -0.212802, 0.702706, 0.129533,      0.640797, -0.574358, 0.509354,      0.934800, 0.416900,      15, -1, -1, -1,      1.000000, 0.000000, 0.000000, 0.000000,
            -0.378282, 0.742977, -0.071106,      -0.437056, 0.439772, 0.784570,      0.940000, 0.521900,      15, -1, -1, -1,      1.000000, 0.000000, 0.000000, 0.000000,
            -0.378282, 0.742977, -0.071106,      -0.437056, 0.439772, 0.784570,      0.979000, 0.580600,      15, -1, -1, -1,      1.000000, 0.000000, 0.000000, 0.000000,
            -0.379019, 0.722289, 0.132433,      -0.436140, -0.599231, 0.671316,      0.967300, 0.634100,      15, -1, -1, -1,      1.000000, 0.000000, 0.000000, 0.000000,
            -0.041744, -0.007666, -0.194252,      0.577349, 0.577349, -0.577349,      0.922500, 0.258400,      21, -1, -1, -1,      1.000000, 0.000000, 0.000000, 0.000000,
            -0.221254, -0.007666, -0.134055,      -0.577349, -0.577349, -0.577349,      0.869900, 0.275900,      21, -1, -1, -1,      1.000000, 0.000000, 0.000000, 0.000000,
            -0.221254, -0.007666, -0.194252,      -0.577349, 0.577349, -0.577349,      0.869900, 0.258200,      21, -1, -1, -1,      1.000000, 0.000000, 0.000000, 0.000000,
            -0.041744, -0.007666, -0.134055,      0.577349, -0.577349, -0.577349,      0.782100, 0.275300,      21, -1, -1, -1,      1.000000, 0.000000, 0.000000, 0.000000,
            -0.041744, 0.058944, -0.194252,      0.577288, 0.577319, 0.577380,      0.799500, 0.294900,      21, -1, -1, -1,      1.000000, 0.000000, 0.000000, 0.000000,
            -0.041744, 0.058944, -0.134055,      0.577288, -0.577319, 0.577380,      0.781900, 0.294800,      21, -1, -1, -1,      1.000000, 0.000000, 0.000000, 0.000000,
            -0.221254, 0.058919, -0.194252,      -0.577380, 0.577349, 0.577288,      0.852100, 0.295300,      21, -1, -1, -1,      1.000000, 0.000000, 0.000000, 0.000000,
            -0.041744, -0.007666, -0.194252,      0.577349, 0.577349, -0.577349,      0.799700, 0.275400,      21, -1, -1, -1,      1.000000, 0.000000, 0.000000, 0.000000,
            -0.221254, -0.007666, -0.194252,      -0.577349, 0.577349, -0.577349,      0.852300, 0.275800,      21, -1, -1, -1,      1.000000, 0.000000, 0.000000, 0.000000,
            -0.041744, 0.058944, -0.134055,      0.577288, -0.577319, 0.577380,      0.922300, 0.295500,      21, -1, -1, -1,      1.000000, 0.000000, 0.000000, 0.000000,
            -0.221254, 0.058919, -0.194252,      -0.577380, 0.577349, 0.577288,      0.869700, 0.313000,      21, -1, -1, -1,      1.000000, 0.000000, 0.000000, 0.000000,
            -0.221254, 0.058919, -0.134055,      -0.577380, -0.577349, 0.577288,      0.869800, 0.295400,      21, -1, -1, -1,      1.000000, 0.000000, 0.000000, 0.000000,
            -0.041744, -0.007666, -0.134055,      0.577349, -0.577349, -0.577349,      0.922400, 0.276000,      21, -1, -1, -1,      1.000000, 0.000000, 0.000000, 0.000000,
            -0.038919, -0.007666, -0.129510,      0.577349, 0.577349, -0.577349,      0.659600, 0.369400,      1, -1, -1, -1,      1.000000, 0.000000, 0.000000, 0.000000,
            -0.038919, 0.094079, -0.034399,      0.672445, 0.132694, 0.728111,      0.634700, 0.335400,      1, -1, -1, -1,      1.000000, 0.000000, 0.000000, 0.000000,
            -0.038919, -0.007666, 0.086437,      0.577349, -0.577349, -0.577349,      0.669100, 0.304500,      1, -1, -1, -1,      1.000000, 0.000000, 0.000000, 0.000000,
            -0.038919, 0.060148, -0.129510,      0.597522, 0.655354, 0.461989,      0.656800, 0.391000,      1, -1, -1, -1,      1.000000, 0.000000, 0.000000, 0.000000,
            -0.224079, -0.007666, -0.129510,      -0.577349, 0.577349, -0.577349,      0.715300, 0.379300,      1, -1, -1, -1,      1.000000, 0.000000, 0.000000, 0.000000,
            -0.224079, 0.060148, -0.129510,      -0.597522, 0.655324, 0.461989,      0.712100, 0.399600,      1, -1, -1, -1,      1.000000, 0.000000, 0.000000, 0.000000,
            -0.224079, -0.007666, 0.086438,      -0.577349, -0.577349, -0.577349,      0.725200, 0.314800,      1, -1, -1, -1,      1.000000, 0.000000, 0.000000, 0.000000,
            -0.224079, 0.094079, -0.034398,      -0.672445, 0.132694, 0.728111,      0.580900, 0.337900,      1, -1, -1, -1,      1.000000, 0.000000, 0.000000, 0.000000,
            -0.224079, -0.007666, -0.129510,      -0.577349, 0.577349, -0.577349,      0.559500, 0.372700,      1, -1, -1, -1,      1.000000, 0.000000, 0.000000, 0.000000,
            -0.224079, -0.007666, 0.086438,      -0.577349, -0.577349, -0.577349,      0.544300, 0.308600,      1, -1, -1, -1,      1.000000, 0.000000, 0.000000, 0.000000,
            -0.038919, 0.060148, -0.129510,      0.597522, 0.655354, 0.461989,      0.638100, 0.365200,      1, -1, -1, -1,      1.000000, 0.000000, 0.000000, 0.000000,
            -0.224079, 0.096241, 0.086438,      -0.576403, -0.572619, 0.582934,      0.730000, 0.283800,      1, -1, -1, -1,      1.000000, 0.000000, 0.000000, 0.000000,
            -0.224079, 0.096241, 0.086438,      -0.576403, -0.572619, 0.582934,      0.577000, 0.302100,      1, -1, -1, -1,      1.000000, 0.000000, 0.000000, 0.000000,
            -0.038919, 0.096241, 0.086437,      0.576403, -0.572619, 0.582934,      0.635200, 0.299300,      1, -1, -1, -1,      1.000000, 0.000000, 0.000000, 0.000000,
            -0.063514, 0.104472, -0.052974,      0.479904, 0.475204, -0.737449,      0.793500, 0.857700,      7, -1, -1, -1,      1.000000, 0.000000, 0.000000, 0.000000,
            -0.018157, 0.243490, 0.128649,      0.690451, -0.720298, 0.066347,      0.777900, 0.930800,      7, -1, -1, -1,      1.000000, 0.000000, 0.000000, 0.000000,
            -0.063243, 0.104472, 0.086265,      0.479995, -0.485672, -0.730522,      0.758600, 0.886400,      7, -1, -1, -1,      1.000000, 0.000000, 0.000000, 0.000000,
            -0.063243, 0.104472, 0.086265,      0.479995, -0.485672, -0.730522,      0.779900, 0.728400,      7, -1, -1, -1,      1.000000, 0.000000, 0.000000, 0.000000,
            -0.241573, 0.243490, 0.128846,      -0.678365, -0.732780, 0.053011,      0.846500, 0.753200,      7, -1, -1, -1,      1.000000, 0.000000, 0.000000, 0.000000,
            -0.199780, 0.104472, 0.086462,      -0.486312, -0.486740, -0.725608,      0.801600, 0.767600,      7, -1, -1, -1,      1.000000, 0.000000, 0.000000, 0.000000,
            -0.034078, 0.293663, 0.099042,      0.493515, -0.391217, 0.776757,      0.834800, 0.690400,      7, -1, -1, -1,      1.000000, 0.000000, 0.000000, 0.000000,
            -0.230812, 0.293663, 0.099386,      -0.528947, -0.393567, 0.751854,      0.862300, 0.752200,      7, -1, -1, -1,      1.000000, 0.000000, 0.000000, 0.000000,
            -0.034078, 0.293663, 0.099042,      0.493515, -0.391217, 0.776757,      0.795900, 0.937600,      7, -1, -1, -1,      1.000000, 0.000000, 0.000000, 0.000000,
            -0.018796, 0.243490, -0.100173,      0.687124, 0.724845, 0.049196,      0.835000, 0.884200,      7, -1, -1, -1,      1.000000, 0.000000, 0.000000, 0.000000,
            -0.034398, 0.293663, -0.072384,      0.492080, 0.404004, 0.771081,      0.837800, 0.902700,      7, -1, -1, -1,      1.000000, 0.000000, 0.000000, 0.000000,
            -0.242237, 0.243490, -0.099976,      -0.680410, 0.731895, 0.036683,      0.854800, 0.819000,      7, -1, -1, -1,      1.000000, 0.000000, 0.000000, 0.000000,
            -0.200050, 0.104472, -0.052777,      -0.488876, 0.472549, -0.733238,      0.807400, 0.814400,      7, -1, -1, -1,      1.000000, 0.000000, 0.000000, 0.000000,
            -0.199780, 0.104472, 0.086462,      -0.486312, -0.486740, -0.725608,      0.730800, 0.853100,      7, -1, -1, -1,      1.000000, 0.000000, 0.000000, 0.000000,
            -0.200050, 0.104472, -0.052777,      -0.488876, 0.472549, -0.733238,      0.764800, 0.824700,      7, -1, -1, -1,      1.000000, 0.000000, 0.000000, 0.000000,
            -0.034398, 0.293663, -0.072384,      0.492080, 0.404004, 0.771081,      0.856200, 0.882900,      7, -1, -1, -1,      1.000000, 0.000000, 0.000000, 0.000000,
            -0.231156, 0.293663, -0.072065,      -0.527848, 0.400311, 0.749046,      0.870100, 0.816700,      7, -1, -1, -1,      1.000000, 0.000000, 0.000000, 0.000000,
            -0.230812, 0.293663, 0.099386,      -0.528947, -0.393567, 0.751854,      0.836000, 0.985700,      7, -1, -1, -1,      1.000000, 0.000000, 0.000000, 0.000000,
            0.211377, 0.475187, 0.146290,      0.584674, -0.595447, -0.550951,      0.200500, 0.111700,      0, -1, -1, -1,      1.000000, 0.000000, 0.000000, 0.000000,
            0.205456, 0.644500, -0.121033,      0.705893, 0.704856, 0.069765,      0.103400, 0.171300,      11, 3, 0, -1,      0.006740, 0.500000, 0.500000, 0.000000,
            0.205456, 0.644623, 0.135307,      0.705863, -0.704794, 0.070437,      0.195200, 0.173300,      3, 0, -1, -1,      0.500000, 0.500000, 0.000000, 0.000000,
            0.193589, 0.983371, -0.099362,      0.569445, 0.558672, 0.602954,      0.109200, 0.293500,      6, -1, -1, -1,      1.000000, 0.000000, 0.000000, 0.000000,
            0.193589, 0.983494, 0.113292,      0.569445, -0.558031, 0.603565,      0.185400, 0.295400,      6, -1, -1, -1,      1.000000, 0.000000, 0.000000, 0.000000,
            0.211377, 0.475064, -0.131868,      0.584674, 0.594958, -0.551469,      0.100800, 0.109700,      0, -1, -1, -1,      1.000000, 0.000000, 0.000000, 0.000000,
            0.000000, 0.983371, -0.099362,      0.000000, 0.684378, 0.729118,      0.039400, 0.298300,      6, -1, -1, -1,      1.000000, 0.000000, 0.000000, 0.000000,
            0.199510, 0.814058, 0.124300,      0.705863, -0.704825, 0.070498,      0.190000, 0.234000,      5, 3, 6, -1,      0.001666, 0.500000, 0.500000, 0.000000,
            0.199510, 0.813936, -0.110198,      0.705832, 0.704886, 0.069796,      0.106000, 0.232100,      5, 3, 6, -1,      0.012938, 0.500000, 0.500000, 0.000000,
            0.402656, 0.427300, -0.097814,      0.627827, 0.638447, -0.445143,      0.957500, 0.389100,      18, -1, -1, -1,      1.000000, 0.000000, 0.000000, 0.000000,
            0.394228, 0.515900, 0.102948,      0.518632, -0.626118, 0.582202,      0.988700, 0.334200,      18, -1, -1, -1,      1.000000, 0.000000, 0.000000, 0.000000,
            0.406956, 0.408528, 0.092039,      0.653859, -0.510178, -0.558672,      0.957700, 0.333600,      18, -1, -1, -1,      1.000000, 0.000000, 0.000000, 0.000000,
            0.263515, 0.391378, 0.093612,      -0.492599, -0.522721, -0.695730,      0.957200, 0.292000,      18, -1, -1, -1,      1.000000, 0.000000, 0.000000, 0.000000,
            0.250788, 0.498750, 0.104496,      -0.627827, -0.638447, 0.445143,      0.988800, 0.292100,      18, -1, -1, -1,      1.000000, 0.000000, 0.000000, 0.000000,
            0.259215, 0.410150, -0.096266,      -0.518632, 0.626118, -0.582202,      0.916100, 0.388400,      18, -1, -1, -1,      1.000000, 0.000000, 0.000000, 0.000000,
            0.263515, 0.391378, 0.093612,      -0.492599, -0.522721, -0.695730,      0.916300, 0.332900,      18, -1, -1, -1,      1.000000, 0.000000, 0.000000, 0.000000,
            0.250788, 0.498750, 0.104496,      -0.627827, -0.638447, 0.445143,      0.884700, 0.332800,      18, -1, -1, -1,      1.000000, 0.000000, 0.000000, 0.000000,
            0.246488, 0.517521, -0.085357,      -0.653859, 0.510178, 0.558672,      0.884500, 0.388300,      18, -1, -1, -1,      1.000000, 0.000000, 0.000000, 0.000000,
            0.394228, 0.515900, 0.102948,      0.518632, -0.626118, 0.582202,      0.842700, 0.332700,      18, -1, -1, -1,      1.000000, 0.000000, 0.000000, 0.000000,
            0.389929, 0.534671, -0.086930,      0.492599, 0.522721, 0.695730,      0.842500, 0.388200,      18, -1, -1, -1,      1.000000, 0.000000, 0.000000, 0.000000,
            0.259215, 0.410150, -0.096266,      -0.518632, 0.626118, -0.582202,      0.956800, 0.431600,      18, -1, -1, -1,      1.000000, 0.000000, 0.000000, 0.000000,
            0.389929, 0.534671, -0.086930,      0.492599, 0.522721, 0.695730,      0.988500, 0.389700,      18, -1, -1, -1,      1.000000, 0.000000, 0.000000, 0.000000,
            0.388135, 0.545507, -0.094006,      0.597888, 0.622181, -0.505356,      0.848300, 0.551400,      16, -1, -1, -1,      1.000000, 0.000000, 0.000000, 0.000000,
            0.257102, 0.509315, 0.107224,      -0.449812, -0.484970, -0.749931,      0.871400, 0.612100,      16, -1, -1, -1,      1.000000, 0.000000, 0.000000, 0.000000,
            0.256365, 0.530003, -0.096316,      -0.449049, 0.635945, -0.627583,      0.882700, 0.557800,      16, -1, -1, -1,      1.000000, 0.000000, 0.000000, 0.000000,
            0.215284, 0.674598, -0.089485,      -0.699515, 0.714560, 0.006653,      0.922100, 0.566600,      16, -1, -1, -1,      1.000000, 0.000000, 0.000000, 0.000000,
            0.216095, 0.651945, 0.133489,      -0.697928, -0.699149, -0.155065,      0.910000, 0.623600,      16, -1, -1, -1,      1.000000, 0.000000, 0.000000, 0.000000,
            0.394523, 0.694009, -0.086610,      0.706107, 0.676473, 0.209143,      0.926300, 0.521500,      16, -1, -1, -1,      1.000000, 0.000000, 0.000000, 0.000000,
            0.212065, 0.723395, -0.074006,      -0.642201, 0.451430, 0.619465,      0.935600, 0.569500,      16, -1, -1, -1,      1.000000, 0.000000, 0.000000, 0.000000,
            0.212802, 0.702706, 0.129533,      -0.640797, -0.574358, 0.509354,      0.923700, 0.624100,      16, -1, -1, -1,      1.000000, 0.000000, 0.000000, 0.000000,
            0.395334, 0.671330, 0.136364,      0.707144, -0.705130, 0.051912,      0.926400, 0.464100,      16, -1, -1, -1,      1.000000, 0.000000, 0.000000, 0.000000,
            0.257102, 0.509315, 0.107224,      -0.449812, -0.484970, -0.749931,      0.881600, 0.429500,      16, -1, -1, -1,      1.000000, 0.000000, 0.000000, 0.000000,
            0.388872, 0.524819, 0.109533,      0.598773, -0.498947, -0.626484,      0.886900, 0.465200,      16, -1, -1, -1,      1.000000, 0.000000, 0.000000, 0.000000,
            0.379019, 0.722289, 0.132433,      0.436140, -0.599231, 0.671316,      0.940000, 0.463300,      16, -1, -1, -1,      1.000000, 0.000000, 0.000000, 0.000000,
            0.216095, 0.651945, 0.133489,      -0.697928, -0.699149, -0.155065,      0.920600, 0.417500,      16, -1, -1, -1,      1.000000, 0.000000, 0.000000, 0.000000,
            0.378282, 0.742977, -0.071107,      0.437056, 0.439772, 0.784570,      0.940000, 0.521900,      16, -1, -1, -1,      1.000000, 0.000000, 0.000000, 0.000000,
            0.378282, 0.742977, -0.071107,      0.437056, 0.439772, 0.784570,      0.979000, 0.580600,      16, -1, -1, -1,      1.000000, 0.000000, 0.000000, 0.000000,
            0.379019, 0.722289, 0.132433,      0.436140, -0.599231, 0.671316,      0.967300, 0.634100,      16, -1, -1, -1,      1.000000, 0.000000, 0.000000, 0.000000,
            0.221254, -0.007666, -0.134055,      0.577349, -0.577349, -0.577349,      0.869900, 0.275900,      24, -1, -1, -1,      1.000000, 0.000000, 0.000000, 0.000000,
            0.041745, -0.007666, -0.194252,      -0.577349, 0.577349, -0.577349,      0.922500, 0.258400,      24, -1, -1, -1,      1.000000, 0.000000, 0.000000, 0.000000,
            0.221254, -0.007666, -0.194252,      0.577349, 0.577349, -0.577349,      0.869900, 0.258200,      24, -1, -1, -1,      1.000000, 0.000000, 0.000000, 0.000000,
            0.041745, 0.058944, -0.194252,      -0.577288, 0.577319, 0.577380,      0.799500, 0.294900,      24, -1, -1, -1,      1.000000, 0.000000, 0.000000, 0.000000,
            0.041745, -0.007666, -0.134055,      -0.577349, -0.577349, -0.577349,      0.782100, 0.275300,      24, -1, -1, -1,      1.000000, 0.000000, 0.000000, 0.000000,
            0.041745, 0.058944, -0.134055,      -0.577288, -0.577319, 0.577380,      0.781900, 0.294800,      24, -1, -1, -1,      1.000000, 0.000000, 0.000000, 0.000000,
            0.221254, 0.058919, -0.194252,      0.577380, 0.577349, 0.577288,      0.852100, 0.295300,      24, -1, -1, -1,      1.000000, 0.000000, 0.000000, 0.000000,
            0.041745, -0.007666, -0.194252,      -0.577349, 0.577349, -0.577349,      0.799700, 0.275400,      24, -1, -1, -1,      1.000000, 0.000000, 0.000000, 0.000000,
            0.221254, 0.058919, -0.194252,      0.577380, 0.577349, 0.577288,      0.869700, 0.313000,      24, -1, -1, -1,      1.000000, 0.000000, 0.000000, 0.000000,
            0.041745, 0.058944, -0.134055,      -0.577288, -0.577319, 0.577380,      0.922300, 0.295500,      24, -1, -1, -1,      1.000000, 0.000000, 0.000000, 0.000000,
            0.221254, 0.058919, -0.134055,      0.577380, -0.577349, 0.577288,      0.869800, 0.295400,      24, -1, -1, -1,      1.000000, 0.000000, 0.000000, 0.000000,
            0.041745, -0.007666, -0.134055,      -0.577349, -0.577349, -0.577349,      0.922400, 0.276000,      24, -1, -1, -1,      1.000000, 0.000000, 0.000000, 0.000000,
            0.221254, -0.007666, -0.194252,      0.577349, 0.577349, -0.577349,      0.852300, 0.275800,      24, -1, -1, -1,      1.000000, 0.000000, 0.000000, 0.000000,
            0.038919, 0.094079, -0.034399,      -0.672445, 0.132694, 0.728111,      0.634700, 0.335400,      2, -1, -1, -1,      1.000000, 0.000000, 0.000000, 0.000000,
            0.038919, -0.007666, -0.129510,      -0.577349, 0.577349, -0.577349,      0.659600, 0.369400,      2, -1, -1, -1,      1.000000, 0.000000, 0.000000, 0.000000,
            0.038919, -0.007666, 0.086437,      -0.577349, -0.577349, -0.577349,      0.669100, 0.304500,      2, -1, -1, -1,      1.000000, 0.000000, 0.000000, 0.000000,
            0.224080, -0.007666, -0.129510,      0.577349, 0.577349, -0.577349,      0.715300, 0.379300,      2, -1, -1, -1,      1.000000, 0.000000, 0.000000, 0.000000,
            0.038919, 0.060148, -0.129510,      -0.597522, 0.655354, 0.461989,      0.656800, 0.391000,      2, -1, -1, -1,      1.000000, 0.000000, 0.000000, 0.000000,
            0.224080, 0.060148, -0.129510,      0.597522, 0.655354, 0.461989,      0.712100, 0.399600,      2, -1, -1, -1,      1.000000, 0.000000, 0.000000, 0.000000,
            0.224080, -0.007666, 0.086437,      0.577349, -0.577349, -0.577349,      0.725200, 0.314800,      2, -1, -1, -1,      1.000000, 0.000000, 0.000000, 0.000000,
            0.224080, 0.094079, -0.034399,      0.672445, 0.132694, 0.728111,      0.580900, 0.337900,      2, -1, -1, -1,      1.000000, 0.000000, 0.000000, 0.000000,
            0.224080, -0.007666, -0.129510,      0.577349, 0.577349, -0.577349,      0.559500, 0.372700,      2, -1, -1, -1,      1.000000, 0.000000, 0.000000, 0.000000,
            0.224080, 0.060148, -0.129510,      0.597522, 0.655354, 0.461989,      0.580400, 0.367900,      2, -1, -1, -1,      1.000000, 0.000000, 0.000000, 0.000000,
            0.038919, 0.060148, -0.129510,      -0.597522, 0.655354, 0.461989,      0.638100, 0.365200,      2, -1, -1, -1,      1.000000, 0.000000, 0.000000, 0.000000,
            0.224080, 0.096241, 0.086437,      0.576403, -0.572619, 0.582934,      0.730000, 0.283800,      2, -1, -1, -1,      1.000000, 0.000000, 0.000000, 0.000000,
            0.224080, 0.096241, 0.086437,      0.576403, -0.572619, 0.582934,      0.577000, 0.302100,      2, -1, -1, -1,      1.000000, 0.000000, 0.000000, 0.000000,
            0.038919, 0.096241, 0.086437,      -0.576403, -0.572619, 0.582934,      0.635200, 0.299300,      2, -1, -1, -1,      1.000000, 0.000000, 0.000000, 0.000000,
            0.224080, -0.007666, 0.086437,      0.577349, -0.577349, -0.577349,      0.544300, 0.308600,      2, -1, -1, -1,      1.000000, 0.000000, 0.000000, 0.000000,
            0.063514, 0.104472, -0.052974,      -0.479904, 0.475204, -0.737449,      0.793500, 0.857700,      8, -1, -1, -1,      1.000000, 0.000000, 0.000000, 0.000000,
            0.018158, 0.243490, 0.128649,      -0.690451, -0.720298, 0.066347,      0.777900, 0.930800,      8, -1, -1, -1,      1.000000, 0.000000, 0.000000, 0.000000,
