--Binary OBject file export from Blender
BOB = {
   version = 1;
   registry = {
      --0 = "Armature";
      --1 = "Body";
   };
   chunks = {
      {
         type = "skeleton";
         name = "Armature";
         version = 1;
         flags = 1;
         id = "Armature";
         bones = {
            {
               name = "hips";
               parent = "";
               matrix = { -2.6523986207394046e-07, 0.37658509612083435, 0.9263820648193359, -0.0551999993622303, 1.179974589149424e-07, 0.9263820648193359, -0.37658506631851196, 0.48690909147262573, -1.0, -2.9802317058624794e-08, -2.78912040130308e-07, 2.4128685716107157e-09, 0.0, 0.0, 0.0, 1.0,  };
            };
            {
               name = "lk_foot.L";
               parent = "";
               matrix = { -7.549790126404332e-08, 0.0, -1.0, -0.016200006008148193, 0.0, -1.0, 0.0, 0.0851999968290329, -1.0, 0.0, 7.549790126404332e-08, -0.13882020115852356, 0.0, 0.0, 0.0, 1.0,  };
            };
            {
               name = "lk_foot.R";
               parent = "";
               matrix = { -7.549790126404332e-08, 0.0, -1.0, -0.016199994832277298, 0.0, -1.0, 0.0, 0.0851999968290329, -1.0, 0.0, 7.549790126404332e-08, 0.13882020115852356, 0.0, 0.0, 0.0, 1.0,  };
            };
            {
               name = "spine";
               parent = "hips";
               matrix = { -2.7673286240315065e-07, 0.09306621551513672, 0.9956599473953247, -0.01719999685883522, 6.276039954400403e-08, 0.9956599473953247, -0.09306618571281433, 0.5803873538970947, -1.0, -4.068049008765229e-09, -2.8194025958327984e-07, -5.943883163439523e-10, 0.0, 0.0, 0.0, 1.0,  };
            };
            {
               name = "thigh.L";
               parent = "hips";
               matrix = { 0.0006851889193058014, 0.07702139019966125, -0.9970284700393677, -0.02009488269686699, 0.05855599045753479, -0.9953217506408691, -0.07684957981109619, 0.49265021085739136, -0.9982839226722717, -0.05832938849925995, -0.005191837903112173, -0.12459384649991989, 0.0, 0.0, 0.0, 1.0,  };
            };
            {
               name = "thigh.R";
               parent = "hips";
               matrix = { -0.0006853826344013214, 0.07702139019966125, -0.9970283508300781, -0.020094875246286392, -0.0585559606552124, -0.9953216910362244, -0.07684963941574097, 0.49265021085739136, -0.9982839226722717, 0.05832942575216293, 0.005192036274820566, 0.12459384649991989, 0.0, 0.0, 0.0, 1.0,  };
            };
            {
               name = "ribs";
               parent = "spine";
               matrix = { -3.9349032476820867e-08, -0.04943916201591492, 0.9987771511077881, -0.00039999932050704956, 4.05716917839527e-08, 0.9987772107124329, 0.0494391992688179, 0.7601205110549927, -1.0, 2.161055334681805e-09, -4.3657934156726697e-08, -1.3287386746441143e-09, 0.0, 0.0, 0.0, 1.0,  };
            };
            {
               name = "shin.L";
               parent = "thigh.L";
               matrix = { 0.013326255604624748, -0.04910333454608917, -0.9987040758132935, -0.005463223904371262, 0.01374700479209423, -0.9986900687217712, 0.04928579181432724, 0.3035701513290405, -0.9998166561126709, -0.014385977759957314, -0.01263357326388359, -0.1356746107339859, 0.0, 0.0, 0.0, 1.0,  };
            };
            {
               name = "shin.R";
               parent = "thigh.R";
               matrix = { -0.013326011598110199, -0.04910333454608917, -0.9987039566040039, -0.005463216453790665, -0.01374693401157856, -0.998690128326416, 0.049285732209682465, 0.3035701811313629, -0.9998166561126709, 0.014385983347892761, 0.01263333112001419, 0.1356746107339859, 0.0, 0.0, 0.0, 1.0,  };
            };
            {
               name = "neck";
               parent = "ribs";
               matrix = { -1.5226103755594522e-07, 0.32071879506111145, 0.9471744298934937, -0.011400001123547554, 7.880435504148409e-08, 0.9471745491027832, -0.32071876525878906, 1.0111477375030518, -1.0, -1.4019065019965637e-08, -1.606116057928375e-07, -8.47913073087625e-10, 0.0, 0.0, 0.0, 1.0,  };
            };
            {
               name = "shoulder.L";
               parent = "ribs";
               matrix = { 0.9456303715705872, -0.3252433240413666, -0.00024762004613876343, 0.031469766050577164, 4.6625733375549316e-05, -0.0006259623914957047, 0.9999998211860657, 0.9701021313667297, -0.3252433240413666, -0.9456301927566528, -0.0005767941474914551, -0.031063782051205635, 0.0, 0.0, 0.0, 1.0,  };
            };
            {
               name = "shoulder.R";
               parent = "ribs";
               matrix = { -0.9456304907798767, -0.3252432644367218, -0.00024777278304100037, 0.031469766050577164, -4.6722590923309326e-05, -0.0006259512156248093, 0.9999999403953552, 0.9701021313667297, -0.325243204832077, 0.9456303119659424, 0.000576704740524292, 0.031063774600625038, 0.0, 0.0, 0.0, 1.0,  };
            };
            {
               name = "head";
               parent = "neck";
               matrix = { -3.934901826596615e-08, 2.9802322387695312e-08, 0.9999999403953552, 0.024699999019503593, 4.057169533666638e-08, 1.0, 2.9802322387695312e-08, 1.1177613735198975, -1.0, -3.552713678800501e-15, -4.3711374075883214e-08, -2.425894152224828e-09, 0.0, 0.0, 0.0, 1.0,  };
            };
            {
               name = "upper_arm.L";
               parent = "shoulder.L";
               matrix = { 0.1669546365737915, -0.06575537472963333, 0.9837694764137268, -0.02670009434223175, -0.3783501088619232, -0.9256594777107239, 0.002338307211175561, 0.9496020674705505, 0.9104818105697632, -0.37259960174560547, -0.17942161858081818, -0.2080637812614441, 0.0, 0.0, 0.0, 1.0,  };
            };
            {
               name = "upper_arm.R";
               parent = "shoulder.R";
               matrix = { -0.16695478558540344, -0.06575535237789154, 0.9837695956230164, -0.026700079441070557, 0.3783501386642456, -0.9256598949432373, 0.0023381628561764956, 0.9496020674705505, 0.9104819893836975, 0.372599720954895, 0.17942172288894653, 0.20806379616260529, 0.0, 0.0, 0.0, 1.0,  };
            };
            {
               name = "forearm.L";
               parent = "upper_arm.L";
               matrix = { -0.13212741911411285, 0.17186890542507172, 0.9762189388275146, -0.042337410151958466, -0.16106727719306946, -0.9754869937896729, 0.1499403715133667, 0.7294705510139465, 0.978058934211731, -0.13742561638355255, 0.15657107532024384, -0.29667186737060547, 0.0, 0.0, 0.0, 1.0,  };
            };
            {
               name = "forearm.R";
               parent = "upper_arm.R";
               matrix = { 0.1321272999048233, 0.17186902463436127, 0.9762190580368042, -0.042337387800216675, 0.16106711328029633, -0.9754875302314758, 0.1499403864145279, 0.7294704914093018, 0.9780591726303101, 0.13742563128471375, -0.15657101571559906, 0.29667189717292786, 0.0, 0.0, 0.0, 1.0,  };
            };
            {
               name = "hand.L";
               parent = "forearm.L";
               matrix = { -0.9860668778419495, 0.12447405606508255, -0.1103559210896492, -0.007653694599866867, -0.11152185499668121, -0.9868903756141663, -0.11666227132081985, 0.5326140522956848, -0.12343068420886993, -0.10272965580224991, 0.9870213270187378, -0.3244048058986664, 0.0, 0.0, 0.0, 1.0,  };
            };
            {
               name = "hand.R";
               parent = "forearm.R";
               matrix = { 0.9860665798187256, 0.1244741678237915, -0.11036039143800735, -0.007653664797544479, 0.11152129620313644, -0.9868910908699036, -0.11666266620159149, 0.53261399269104, -0.12343520671129227, 0.10272971540689468, -0.9870210289955139, 0.32440483570098877, 0.0, 0.0, 0.0, 1.0,  };
            };
            {
               name = "foot.L";
               parent = "lk_foot.L";
               matrix = { 9.483701290946556e-08, 0.9418097138404846, -0.3361465334892273, -0.016200006008148193, 2.657127140537341e-07, -0.33614659309387207, -0.9418097138404846, 0.0851999968290329, -1.0, 0.0, -2.8212994607201836e-07, -0.13882020115852356, 0.0, 0.0, 0.0, 1.0,  };
            };
            {
               name = "heel.L";
               parent = "lk_foot.L";
               matrix = { 5.746784154325724e-06, -0.5935452580451965, 0.8048004508018494, -0.016200006008148193, -4.2382894207548816e-06, -0.8048001527786255, -0.5935455560684204, 0.0851999968290329, 1.0, -6.394884621840902e-14, -7.140632078517228e-06, -0.13882020115852356, 0.0, 0.0, 0.0, 1.0,  };
            };
            {
               name = "toe.L";
               parent = "foot.L";
               matrix = { 2.9690221481359913e-07, 0.9981958866119385, 0.06003895401954651, 0.13080614805221558, 2.8868504386991845e-07, -0.06003895401954651, 0.998196005821228, 0.032731205224990845, 1.0, -2.790342250591493e-07, -3.059899711388425e-07, -0.13882020115852356, 0.0, 0.0, 0.0, 1.0,  };
            };
            {
               name = "foot.R";
               parent = "lk_foot.R";
               matrix = { -1.455937308492139e-07, 0.9418096542358398, -0.33614659309387207, -0.016199994832277298, -4.079219877439755e-07, -0.33614662289619446, -0.9418096542358398, 0.0851999968290329, -1.0, 7.105427357601002e-15, 4.3312570596754085e-07, 0.13882020115852356, 0.0, 0.0, 0.0, 1.0,  };
            };
            {
               name = "heel.R";
               parent = "lk_foot.R";
               matrix = { -5.625262929243036e-06, -0.5935456156730652, 0.8048005104064941, -0.016199994832277298, 4.148667358094826e-06, -0.8048007488250732, -0.5935453772544861, 0.0851999968290329, 1.0, 1.8829382497642655e-13, 6.989636858634185e-06, 0.13882020115852356, 0.0, 0.0, 0.0, 1.0,  };
            };
            {
               name = "toe.R";
               parent = "foot.R";
               matrix = { 2.644564460752008e-07, 0.9981962442398071, 0.06003904342651367, 0.13080614805221558, -2.507503040760639e-07, -0.06003904342651367, 0.998196005821228, 0.032731205224990845, 1.0, -2.7903425348085875e-07, 2.3442032670573099e-07, 0.13882020115852356, 0.0, 0.0, 0.0, 1.0,  };
            };
         };
      };
      {
         type = "model";
         name = "Body";
         version = 1;
         flags = 1;
         primativeType = "TRI";
         vertexFormat = "V3N3T2B4W4";
         indexFormat = "UInt16";
         vertexCount = 462;
         indexCount = 1602;
         meshes={
            {
               material = "Body";
               indexStart = 0;
               indexCount = 1020;
            };
            {
               material = "Hat";
               indexStart = 1020;
               indexCount = 288;
            };
            {
               material = "Axe";
               indexStart = 1308;
               indexCount = 144;
            };
            {
               material = "Backpack";
               indexStart = 1452;
               indexCount = 150;
            };
         };
         materials = {
            {
               name = "Body";
               ambient = { r=0.2000, g=0.2000, b=0.2000 };
               diffuse = { r=0.6400, g=0.6400, b=0.6400 };
               spec = { r=0.5000, g=0.5000, b=0.5000 };
               emission = { r=0.0000, g=0.0000, b=0.0000 };
               shininess = 50.0000;
               alpha = 1.0000;
               diffuseTexture = "mini_knight.png";
            };
            {
               name = "Hat";
               ambient = { r=0.2000, g=0.2000, b=0.2000 };
               diffuse = { r=0.6400, g=0.6400, b=0.6400 };
               spec = { r=0.5000, g=0.5000, b=0.5000 };
               emission = { r=0.0000, g=0.0000, b=0.0000 };
               shininess = 50.0000;
               alpha = 1.0000;
               diffuseTexture = "mini_knight.png";
            };
            {
               name = "Axe";
               ambient = { r=0.2000, g=0.2000, b=0.2000 };
               diffuse = { r=0.6400, g=0.6400, b=0.6400 };
               spec = { r=0.5000, g=0.5000, b=0.5000 };
               emission = { r=0.0000, g=0.0000, b=0.0000 };
               shininess = 50.0000;
               alpha = 1.0000;
               diffuseTexture = "mini_knight.png";
            };
            {
               name = "Backpack";
               ambient = { r=0.2000, g=0.2000, b=0.2000 };
               diffuse = { r=0.6400, g=0.6400, b=0.6400 };
               spec = { r=0.5000, g=0.5000, b=0.5000 };
               emission = { r=0.0000, g=0.0000, b=0.0000 };
               shininess = 50.0000;
               alpha = 1.0000;
               diffuseTexture = "mini_knight.png";
            };
         };
         verts={
            -0.146290, 0.475187, -0.211377,      -0.595447, 0.584674, -0.550951,      0.200500, 0.111700,      0, 0, 0, 0,      1.000000, 0.000000, 0.000000, 0.000000,
            0.121033, 0.644500, -0.205455,      0.704856, 0.705893, 0.069765,      0.103400, 0.171300,      3, 0, 0, 0,      0.500000, 0.500000, 0.000000, 0.000000,
            0.131868, 0.475064, -0.211377,      0.594958, 0.584674, -0.551469,      0.100800, 0.109700,      0, 0, 0, 0,      1.000000, 0.000000, 0.000000, 0.000000,
            -0.113292, 0.983494, 0.000000,      -0.683584, 0.000000, 0.729850,      0.184200, 0.365500,      6, 0, 0, 0,      1.000000, 0.000000, 0.000000, 0.000000,
            0.099362, 0.983371, -0.193588,      0.558672, 0.569445, 0.602954,      0.109200, 0.293500,      6, 0, 0, 0,      1.000000, 0.000000, 0.000000, 0.000000,
            -0.113292, 0.983494, -0.193588,      -0.558031, 0.569445, 0.603565,      0.185400, 0.295400,      6, 0, 0, 0,      1.000000, 0.000000, 0.000000, 0.000000,
            0.131868, 0.475064, 0.000000,      0.729148, 0.000000, -0.684317,      0.102100, 0.033300,      0, 0, 0, 0,      1.000000, 0.000000, 0.000000, 0.000000,
            -0.146290, 0.475187, 0.000000,      -0.729759, 0.000000, -0.683676,      0.201800, 0.034900,      0, 0, 0, 0,      1.000000, 0.000000, 0.000000, 0.000000,
            0.131868, 0.475064, 0.000000,      0.729148, 0.000000, -0.684317,      0.025200, 0.116400,      0, 0, 0, 0,      1.000000, 0.000000, 0.000000, 0.000000,
            0.110198, 0.813936, 0.000000,      0.997955, 0.000000, 0.063814,      0.034700, 0.237700,      3, 6, 0, 0,      0.500000, 0.500000, 0.000000, 0.000000,
            0.110198, 0.813936, -0.199509,      0.704886, 0.705863, 0.069796,      0.106000, 0.232100,      4, 3, 6, 0,      0.016712, 0.500000, 0.500000, 0.000000,
            -0.124300, 0.814058, -0.199509,      -0.704825, 0.705863, 0.070498,      0.190000, 0.234000,      4, 3, 6, 0,      0.050908, 0.500000, 0.500000, 0.000000,
            -0.135307, 0.644623, -0.205455,      -0.704794, 0.705863, 0.070437,      0.195200, 0.173300,      3, 0, 0, 0,      0.500000, 0.500000, 0.000000, 0.000000,
            -0.146290, 0.475187, 0.000000,      -0.729759, 0.000000, -0.683676,      0.275600, 0.121800,      0, 0, 0, 0,      1.000000, 0.000000, 0.000000, 0.000000,
            -0.135307, 0.644623, 0.000000,      -0.997894, 0.000000, 0.064730,      0.268300, 0.182200,      3, 0, 0, 0,      0.500000, 0.500000, 0.000000, 0.000000,
            -0.124300, 0.814058, 0.000000,      -0.997894, 0.000000, 0.064821,      0.260900, 0.242500,      3, 6, 0, 0,      0.500000, 0.500000, 0.000000, 0.000000,
            0.121033, 0.644500, 0.000000,      0.997955, 0.000000, 0.063814,      0.030000, 0.177000,      3, 0, 0, 0,      0.500000, 0.500000, 0.000000, 0.000000,
            0.097814, 0.427300, -0.402655,      0.638447, 0.627827, -0.445143,      0.957500, 0.389100,      17, 0, 0, 0,      1.000000, 0.000000, 0.000000, 0.000000,
            -0.102949, 0.515900, -0.394228,      -0.626118, 0.518632, 0.582202,      0.988700, 0.334200,      17, 0, 0, 0,      1.000000, 0.000000, 0.000000, 0.000000,
            0.086930, 0.534671, -0.389928,      0.522721, 0.492599, 0.695730,      0.988500, 0.389700,      17, 0, 0, 0,      1.000000, 0.000000, 0.000000, 0.000000,
            -0.093612, 0.391378, -0.263515,      -0.522721, -0.492599, -0.695730,      0.957200, 0.292000,      17, 0, 0, 0,      1.000000, 0.000000, 0.000000, 0.000000,
            -0.104496, 0.498750, -0.250787,      -0.638447, -0.627827, 0.445143,      0.988800, 0.292100,      17, 0, 0, 0,      1.000000, 0.000000, 0.000000, 0.000000,
            0.096266, 0.410150, -0.259215,      0.626118, -0.518632, -0.582202,      0.916100, 0.388400,      17, 0, 0, 0,      1.000000, 0.000000, 0.000000, 0.000000,
            -0.092039, 0.408528, -0.406955,      -0.510178, 0.653859, -0.558672,      0.957700, 0.333600,      17, 0, 0, 0,      1.000000, 0.000000, 0.000000, 0.000000,
            -0.104496, 0.498750, -0.250787,      -0.638447, -0.627827, 0.445143,      0.884700, 0.332800,      17, 0, 0, 0,      1.000000, 0.000000, 0.000000, 0.000000,
            0.085357, 0.517521, -0.246487,      0.510178, -0.653859, 0.558672,      0.884500, 0.388300,      17, 0, 0, 0,      1.000000, 0.000000, 0.000000, 0.000000,
            -0.102949, 0.515900, -0.394228,      -0.626118, 0.518632, 0.582202,      0.842700, 0.332700,      17, 0, 0, 0,      1.000000, 0.000000, 0.000000, 0.000000,
            0.086930, 0.534671, -0.389928,      0.522721, 0.492599, 0.695730,      0.842500, 0.388200,      17, 0, 0, 0,      1.000000, 0.000000, 0.000000, 0.000000,
            0.096266, 0.410150, -0.259215,      0.626118, -0.518632, -0.582202,      0.956800, 0.431600,      17, 0, 0, 0,      1.000000, 0.000000, 0.000000, 0.000000,
            0.085357, 0.517521, -0.246487,      0.510178, -0.653859, 0.558672,      0.988400, 0.431700,      17, 0, 0, 0,      1.000000, 0.000000, 0.000000, 0.000000,
            0.094006, 0.545507, -0.388134,      0.622181, 0.597888, -0.505356,      0.848300, 0.551400,      15, 0, 0, 0,      1.000000, 0.000000, 0.000000, 0.000000,
            -0.107224, 0.509315, -0.257102,      -0.484970, -0.449812, -0.749931,      0.871400, 0.612100,      15, 0, 0, 0,      1.000000, 0.000000, 0.000000, 0.000000,
            -0.109533, 0.524819, -0.388871,      -0.498947, 0.598773, -0.626484,      0.836700, 0.604900,      15, 0, 0, 0,      1.000000, 0.000000, 0.000000, 0.000000,
            0.089485, 0.674598, -0.215283,      0.714560, -0.699515, 0.006653,      0.922100, 0.566600,      15, 0, 0, 0,      1.000000, 0.000000, 0.000000, 0.000000,
            -0.133489, 0.651945, -0.216094,      -0.699149, -0.697928, -0.155065,      0.910000, 0.623600,      15, 0, 0, 0,      1.000000, 0.000000, 0.000000, 0.000000,
            0.086610, 0.694009, -0.394523,      0.676473, 0.706107, 0.209143,      0.926300, 0.521500,      15, 0, 0, 0,      1.000000, 0.000000, 0.000000, 0.000000,
            0.096315, 0.530003, -0.256365,      0.635945, -0.449049, -0.627583,      0.882700, 0.557800,      15, 0, 0, 0,      1.000000, 0.000000, 0.000000, 0.000000,
            0.094006, 0.545507, -0.388134,      0.622181, 0.597888, -0.505356,      0.886800, 0.521200,      15, 0, 0, 0,      1.000000, 0.000000, 0.000000, 0.000000,
            0.074006, 0.723395, -0.212065,      0.451430, -0.642201, 0.619465,      0.935600, 0.569500,      15, 0, 0, 0,      1.000000, 0.000000, 0.000000, 0.000000,
            -0.129533, 0.702706, -0.212802,      -0.574358, -0.640797, 0.509354,      0.923700, 0.624100,      15, 0, 0, 0,      1.000000, 0.000000, 0.000000, 0.000000,
            -0.107224, 0.509315, -0.257102,      -0.484970, -0.449812, -0.749931,      0.881600, 0.429500,      15, 0, 0, 0,      1.000000, 0.000000, 0.000000, 0.000000,
            -0.136364, 0.671330, -0.395333,      -0.705130, 0.707144, 0.051912,      0.926400, 0.464100,      15, 0, 0, 0,      1.000000, 0.000000, 0.000000, 0.000000,
            -0.109533, 0.524819, -0.388871,      -0.498947, 0.598773, -0.626484,      0.886900, 0.465200,      15, 0, 0, 0,      1.000000, 0.000000, 0.000000, 0.000000,
            -0.132433, 0.722289, -0.379019,      -0.599231, 0.436140, 0.671316,      0.940000, 0.463300,      15, 0, 0, 0,      1.000000, 0.000000, 0.000000, 0.000000,
            -0.133489, 0.651945, -0.216094,      -0.699149, -0.697928, -0.155065,      0.920600, 0.417500,      15, 0, 0, 0,      1.000000, 0.000000, 0.000000, 0.000000,
            -0.129533, 0.702706, -0.212802,      -0.574358, -0.640797, 0.509354,      0.934800, 0.416900,      15, 0, 0, 0,      1.000000, 0.000000, 0.000000, 0.000000,
            0.071106, 0.742977, -0.378282,      0.439772, 0.437056, 0.784570,      0.940000, 0.521900,      15, 0, 0, 0,      1.000000, 0.000000, 0.000000, 0.000000,
            0.071106, 0.742977, -0.378282,      0.439772, 0.437056, 0.784570,      0.979000, 0.580600,      15, 0, 0, 0,      1.000000, 0.000000, 0.000000, 0.000000,
            -0.132433, 0.722289, -0.379019,      -0.599231, 0.436140, 0.671316,      0.967300, 0.634100,      15, 0, 0, 0,      1.000000, 0.000000, 0.000000, 0.000000,
            0.194252, -0.007666, -0.041744,      0.577349, -0.577349, -0.577349,      0.922500, 0.258400,      21, 0, 0, 0,      1.000000, 0.000000, 0.000000, 0.000000,
            0.134055, -0.007666, -0.221254,      -0.577349, 0.577349, -0.577349,      0.869900, 0.275900,      21, 0, 0, 0,      1.000000, 0.000000, 0.000000, 0.000000,
            0.194252, -0.007666, -0.221254,      0.577349, 0.577349, -0.577349,      0.869900, 0.258200,      21, 0, 0, 0,      1.000000, 0.000000, 0.000000, 0.000000,
            0.134055, -0.007666, -0.041744,      -0.577349, -0.577349, -0.577349,      0.782100, 0.275300,      21, 0, 0, 0,      1.000000, 0.000000, 0.000000, 0.000000,
            0.194252, 0.058944, -0.041744,      0.577319, -0.577288, 0.577380,      0.799500, 0.294900,      21, 0, 0, 0,      1.000000, 0.000000, 0.000000, 0.000000,
            0.134055, 0.058944, -0.041744,      -0.577319, -0.577288, 0.577380,      0.781900, 0.294800,      21, 0, 0, 0,      1.000000, 0.000000, 0.000000, 0.000000,
            0.194252, 0.058919, -0.221254,      0.577349, 0.577380, 0.577288,      0.852100, 0.295300,      21, 0, 0, 0,      1.000000, 0.000000, 0.000000, 0.000000,
            0.194252, -0.007666, -0.041744,      0.577349, -0.577349, -0.577349,      0.799700, 0.275400,      21, 0, 0, 0,      1.000000, 0.000000, 0.000000, 0.000000,
            0.194252, -0.007666, -0.221254,      0.577349, 0.577349, -0.577349,      0.852300, 0.275800,      21, 0, 0, 0,      1.000000, 0.000000, 0.000000, 0.000000,
            0.134055, 0.058944, -0.041744,      -0.577319, -0.577288, 0.577380,      0.922300, 0.295500,      21, 0, 0, 0,      1.000000, 0.000000, 0.000000, 0.000000,
            0.194252, 0.058919, -0.221254,      0.577349, 0.577380, 0.577288,      0.869700, 0.313000,      21, 0, 0, 0,      1.000000, 0.000000, 0.000000, 0.000000,
            0.134055, 0.058919, -0.221254,      -0.577349, 0.577380, 0.577288,      0.869800, 0.295400,      21, 0, 0, 0,      1.000000, 0.000000, 0.000000, 0.000000,
            0.134055, -0.007666, -0.041744,      -0.577349, -0.577349, -0.577349,      0.922400, 0.276000,      21, 0, 0, 0,      1.000000, 0.000000, 0.000000, 0.000000,
            0.129510, -0.007666, -0.038919,      0.577349, -0.577349, -0.577349,      0.659600, 0.369400,      1, 0, 0, 0,      1.000000, 0.000000, 0.000000, 0.000000,
            0.034399, 0.094079, -0.038919,      0.132694, -0.672445, 0.728111,      0.634700, 0.335400,      1, 0, 0, 0,      1.000000, 0.000000, 0.000000, 0.000000,
            -0.086437, -0.007666, -0.038919,      -0.577349, -0.577349, -0.577349,      0.669100, 0.304500,      1, 0, 0, 0,      1.000000, 0.000000, 0.000000, 0.000000,
            0.129510, 0.060148, -0.038919,      0.655354, -0.597522, 0.461989,      0.656800, 0.391000,      1, 0, 0, 0,      1.000000, 0.000000, 0.000000, 0.000000,
            0.129510, -0.007666, -0.224079,      0.577349, 0.577349, -0.577349,      0.715300, 0.379300,      1, 0, 0, 0,      1.000000, 0.000000, 0.000000, 0.000000,
            0.129510, 0.060148, -0.224079,      0.655354, 0.597522, 0.461989,      0.712100, 0.399600,      1, 0, 0, 0,      1.000000, 0.000000, 0.000000, 0.000000,
            -0.086437, -0.007666, -0.224079,      -0.577349, 0.577349, -0.577349,      0.725200, 0.314800,      1, 0, 0, 0,      1.000000, 0.000000, 0.000000, 0.000000,
            0.034399, 0.094079, -0.224079,      0.132694, 0.672445, 0.728111,      0.580900, 0.337900,      1, 0, 0, 0,      1.000000, 0.000000, 0.000000, 0.000000,
            0.129510, -0.007666, -0.224079,      0.577349, 0.577349, -0.577349,      0.559500, 0.372700,      1, 0, 0, 0,      1.000000, 0.000000, 0.000000, 0.000000,
            -0.086437, -0.007666, -0.224079,      -0.577349, 0.577349, -0.577349,      0.544300, 0.308600,      1, 0, 0, 0,      1.000000, 0.000000, 0.000000, 0.000000,
            0.129510, 0.060148, -0.038919,      0.655354, -0.597522, 0.461989,      0.638100, 0.365200,      1, 0, 0, 0,      1.000000, 0.000000, 0.000000, 0.000000,
            -0.086437, 0.096241, -0.224079,      -0.572619, 0.576403, 0.582934,      0.730000, 0.283800,      1, 0, 0, 0,      1.000000, 0.000000, 0.000000, 0.000000,
            -0.086437, 0.096241, -0.224079,      -0.572619, 0.576403, 0.582934,      0.577000, 0.302100,      1, 0, 0, 0,      1.000000, 0.000000, 0.000000, 0.000000,
            -0.086437, 0.096241, -0.038919,      -0.572619, -0.576403, 0.582934,      0.635200, 0.299300,      1, 0, 0, 0,      1.000000, 0.000000, 0.000000, 0.000000,
            0.052974, 0.104472, -0.063514,      0.475204, -0.479904, -0.737449,      0.793500, 0.857700,      7, 0, 0, 0,      1.000000, 0.000000, 0.000000, 0.000000,
            -0.128649, 0.243490, -0.018157,      -0.720298, -0.690451, 0.066347,      0.777900, 0.930800,      7, 0, 0, 0,      1.000000, 0.000000, 0.000000, 0.000000,
            -0.086265, 0.104472, -0.063243,      -0.485672, -0.479995, -0.730522,      0.758600, 0.886400,      7, 0, 0, 0,      1.000000, 0.000000, 0.000000, 0.000000,
            -0.086265, 0.104472, -0.063243,      -0.485672, -0.479995, -0.730522,      0.779900, 0.728400,      7, 0, 0, 0,      1.000000, 0.000000, 0.000000, 0.000000,
            -0.128846, 0.243490, -0.241573,      -0.732780, 0.678365, 0.053011,      0.846500, 0.753200,      7, 0, 0, 0,      1.000000, 0.000000, 0.000000, 0.000000,
            -0.086462, 0.104472, -0.199780,      -0.486740, 0.486343, -0.725608,      0.801600, 0.767600,      7, 0, 0, 0,      1.000000, 0.000000, 0.000000, 0.000000,
            -0.099042, 0.293663, -0.034078,      -0.391217, -0.493515, 0.776757,      0.834800, 0.690400,      7, 0, 0, 0,      1.000000, 0.000000, 0.000000, 0.000000,
            -0.099386, 0.293663, -0.230812,      -0.393567, 0.528947, 0.751854,      0.862300, 0.752200,      7, 0, 0, 0,      1.000000, 0.000000, 0.000000, 0.000000,
            -0.099042, 0.293663, -0.034078,      -0.391217, -0.493515, 0.776757,      0.795900, 0.937600,      7, 0, 0, 0,      1.000000, 0.000000, 0.000000, 0.000000,
            0.100173, 0.243490, -0.018796,      0.724845, -0.687124, 0.049196,      0.835000, 0.884200,      7, 0, 0, 0,      1.000000, 0.000000, 0.000000, 0.000000,
            0.072384, 0.293663, -0.034398,      0.404004, -0.492080, 0.771081,      0.837800, 0.902700,      7, 0, 0, 0,      1.000000, 0.000000, 0.000000, 0.000000,
            0.099976, 0.243490, -0.242237,      0.731895, 0.680410, 0.036683,      0.854800, 0.819000,      7, 0, 0, 0,      1.000000, 0.000000, 0.000000, 0.000000,
            0.052777, 0.104472, -0.200050,      0.472549, 0.488876, -0.733238,      0.807400, 0.814400,      7, 0, 0, 0,      1.000000, 0.000000, 0.000000, 0.000000,
            -0.086462, 0.104472, -0.199780,      -0.486740, 0.486343, -0.725608,      0.730800, 0.853100,      7, 0, 0, 0,      1.000000, 0.000000, 0.000000, 0.000000,
            0.052777, 0.104472, -0.200050,      0.472549, 0.488876, -0.733238,      0.764800, 0.824700,      7, 0, 0, 0,      1.000000, 0.000000, 0.000000, 0.000000,
            0.072384, 0.293663, -0.034398,      0.404004, -0.492080, 0.771081,      0.856200, 0.882900,      7, 0, 0, 0,      1.000000, 0.000000, 0.000000, 0.000000,
            0.072065, 0.293663, -0.231156,      0.400311, 0.527848, 0.749046,      0.870100, 0.816700,      7, 0, 0, 0,      1.000000, 0.000000, 0.000000, 0.000000,
            -0.099386, 0.293663, -0.230812,      -0.393567, 0.528947, 0.751854,      0.836000, 0.985700,      7, 0, 0, 0,      1.000000, 0.000000, 0.000000, 0.000000,
            -0.146290, 0.475187, 0.211377,      -0.595447, -0.584674, -0.550951,      0.200500, 0.111700,      0, 0, 0, 0,      1.000000, 0.000000, 0.000000, 0.000000,
            0.121033, 0.644500, 0.205456,      0.704856, -0.705893, 0.069765,      0.103400, 0.171300,      11, 3, 0, 0,      0.006740, 0.500000, 0.500000, 0.000000,
            -0.135307, 0.644623, 0.205456,      -0.704794, -0.705863, 0.070437,      0.195200, 0.173300,      3, 0, 0, 0,      0.500000, 0.500000, 0.000000, 0.000000,
            0.099362, 0.983371, 0.193589,      0.558672, -0.569445, 0.602954,      0.109200, 0.293500,      6, 0, 0, 0,      1.000000, 0.000000, 0.000000, 0.000000,
            -0.113292, 0.983494, 0.193589,      -0.558031, -0.569445, 0.603565,      0.185400, 0.295400,      6, 0, 0, 0,      1.000000, 0.000000, 0.000000, 0.000000,
            0.131868, 0.475064, 0.211377,      0.594958, -0.584674, -0.551469,      0.100800, 0.109700,      0, 0, 0, 0,      1.000000, 0.000000, 0.000000, 0.000000,
            0.099362, 0.983371, 0.000000,      0.684378, 0.000000, 0.729118,      0.039400, 0.298300,      6, 0, 0, 0,      1.000000, 0.000000, 0.000000, 0.000000,
            -0.124300, 0.814058, 0.199510,      -0.704825, -0.705863, 0.070498,      0.190000, 0.234000,      5, 3, 6, 0,      0.001666, 0.500000, 0.500000, 0.000000,
            0.110198, 0.813936, 0.199510,      0.704886, -0.705863, 0.069796,      0.106000, 0.232100,      5, 3, 6, 0,      0.012938, 0.500000, 0.500000, 0.000000,
            0.097814, 0.427300, 0.402656,      0.638447, -0.627827, -0.445143,      0.957500, 0.389100,      18, 0, 0, 0,      1.000000, 0.000000, 0.000000, 0.000000,
            -0.102948, 0.515900, 0.394228,      -0.626118, -0.518632, 0.582202,      0.988700, 0.334200,      18, 0, 0, 0,      1.000000, 0.000000, 0.000000, 0.000000,
            -0.092039, 0.408528, 0.406956,      -0.510178, -0.653859, -0.558672,      0.957700, 0.333600,      18, 0, 0, 0,      1.000000, 0.000000, 0.000000, 0.000000,
            -0.093612, 0.391378, 0.263515,      -0.522721, 0.492599, -0.695730,      0.957200, 0.292000,      18, 0, 0, 0,      1.000000, 0.000000, 0.000000, 0.000000,
            -0.104496, 0.498750, 0.250788,      -0.638447, 0.627827, 0.445143,      0.988800, 0.292100,      18, 0, 0, 0,      1.000000, 0.000000, 0.000000, 0.000000,
            0.096266, 0.410150, 0.259215,      0.626118, 0.518632, -0.582202,      0.916100, 0.388400,      18, 0, 0, 0,      1.000000, 0.000000, 0.000000, 0.000000,
            -0.093612, 0.391378, 0.263515,      -0.522721, 0.492599, -0.695730,      0.916300, 0.332900,      18, 0, 0, 0,      1.000000, 0.000000, 0.000000, 0.000000,
            -0.104496, 0.498750, 0.250788,      -0.638447, 0.627827, 0.445143,      0.884700, 0.332800,      18, 0, 0, 0,      1.000000, 0.000000, 0.000000, 0.000000,
            0.085357, 0.517521, 0.246488,      0.510178, 0.653859, 0.558672,      0.884500, 0.388300,      18, 0, 0, 0,      1.000000, 0.000000, 0.000000, 0.000000,
            -0.102948, 0.515900, 0.394228,      -0.626118, -0.518632, 0.582202,      0.842700, 0.332700,      18, 0, 0, 0,      1.000000, 0.000000, 0.000000, 0.000000,
            0.086930, 0.534671, 0.389929,      0.522721, -0.492599, 0.695730,      0.842500, 0.388200,      18, 0, 0, 0,      1.000000, 0.000000, 0.000000, 0.000000,
            0.096266, 0.410150, 0.259215,      0.626118, 0.518632, -0.582202,      0.956800, 0.431600,      18, 0, 0, 0,      1.000000, 0.000000, 0.000000, 0.000000,
            0.086930, 0.534671, 0.389929,      0.522721, -0.492599, 0.695730,      0.988500, 0.389700,      18, 0, 0, 0,      1.000000, 0.000000, 0.000000, 0.000000,
            0.094006, 0.545507, 0.388135,      0.622181, -0.597888, -0.505356,      0.848300, 0.551400,      16, 0, 0, 0,      1.000000, 0.000000, 0.000000, 0.000000,
            -0.107224, 0.509315, 0.257102,      -0.484970, 0.449812, -0.749931,      0.871400, 0.612100,      16, 0, 0, 0,      1.000000, 0.000000, 0.000000, 0.000000,
            0.096315, 0.530003, 0.256365,      0.635945, 0.449049, -0.627583,      0.882700, 0.557800,      16, 0, 0, 0,      1.000000, 0.000000, 0.000000, 0.000000,
            0.089485, 0.674598, 0.215284,      0.714560, 0.699515, 0.006653,      0.922100, 0.566600,      16, 0, 0, 0,      1.000000, 0.000000, 0.000000, 0.000000,
            -0.133489, 0.651945, 0.216095,      -0.699149, 0.697928, -0.155065,      0.910000, 0.623600,      16, 0, 0, 0,      1.000000, 0.000000, 0.000000, 0.000000,
            0.086610, 0.694009, 0.394523,      0.676473, -0.706107, 0.209143,      0.926300, 0.521500,      16, 0, 0, 0,      1.000000, 0.000000, 0.000000, 0.000000,
            0.074006, 0.723395, 0.212065,      0.451430, 0.642201, 0.619465,      0.935600, 0.569500,      16, 0, 0, 0,      1.000000, 0.000000, 0.000000, 0.000000,
            -0.129533, 0.702706, 0.212802,      -0.574358, 0.640797, 0.509354,      0.923700, 0.624100,      16, 0, 0, 0,      1.000000, 0.000000, 0.000000, 0.000000,
            -0.136364, 0.671330, 0.395334,      -0.705130, -0.707144, 0.051912,      0.926400, 0.464100,      16, 0, 0, 0,      1.000000, 0.000000, 0.000000, 0.000000,
            -0.107224, 0.509315, 0.257102,      -0.484970, 0.449812, -0.749931,      0.881600, 0.429500,      16, 0, 0, 0,      1.000000, 0.000000, 0.000000, 0.000000,
            -0.109533, 0.524819, 0.388872,      -0.498947, -0.598773, -0.626484,      0.886900, 0.465200,      16, 0, 0, 0,      1.000000, 0.000000, 0.000000, 0.000000,
            -0.132433, 0.722289, 0.379019,      -0.599231, -0.436140, 0.671316,      0.940000, 0.463300,      16, 0, 0, 0,      1.000000, 0.000000, 0.000000, 0.000000,
            -0.133489, 0.651945, 0.216095,      -0.699149, 0.697928, -0.155065,      0.920600, 0.417500,      16, 0, 0, 0,      1.000000, 0.000000, 0.000000, 0.000000,
            0.071107, 0.742977, 0.378282,      0.439772, -0.437056, 0.784570,      0.940000, 0.521900,      16, 0, 0, 0,      1.000000, 0.000000, 0.000000, 0.000000,
            0.071107, 0.742977, 0.378282,      0.439772, -0.437056, 0.784570,      0.979000, 0.580600,      16, 0, 0, 0,      1.000000, 0.000000, 0.000000, 0.000000,
            -0.132433, 0.722289, 0.379019,      -0.599231, -0.436140, 0.671316,      0.967300, 0.634100,      16, 0, 0, 0,      1.000000, 0.000000, 0.000000, 0.000000,
            0.134055, -0.007666, 0.221255,      -0.577349, -0.577349, -0.577349,      0.869900, 0.275900,      24, 0, 0, 0,      1.000000, 0.000000, 0.000000, 0.000000,
            0.194252, -0.007666, 0.041745,      0.577349, 0.577349, -0.577349,      0.922500, 0.258400,      24, 0, 0, 0,      1.000000, 0.000000, 0.000000, 0.000000,
            0.194252, -0.007666, 0.221254,      0.577349, -0.577349, -0.577349,      0.869900, 0.258200,      24, 0, 0, 0,      1.000000, 0.000000, 0.000000, 0.000000,
            0.194252, 0.058944, 0.041745,      0.577319, 0.577288, 0.577380,      0.799500, 0.294900,      24, 0, 0, 0,      1.000000, 0.000000, 0.000000, 0.000000,
            0.134055, -0.007666, 0.041745,      -0.577349, 0.577349, -0.577349,      0.782100, 0.275300,      24, 0, 0, 0,      1.000000, 0.000000, 0.000000, 0.000000,
            0.134055, 0.058944, 0.041745,      -0.577319, 0.577288, 0.577380,      0.781900, 0.294800,      24, 0, 0, 0,      1.000000, 0.000000, 0.000000, 0.000000,
            0.194252, 0.058919, 0.221254,      0.577349, -0.577380, 0.577288,      0.852100, 0.295300,      24, 0, 0, 0,      1.000000, 0.000000, 0.000000, 0.000000,
            0.194252, -0.007666, 0.041745,      0.577349, 0.577349, -0.577349,      0.799700, 0.275400,      24, 0, 0, 0,      1.000000, 0.000000, 0.000000, 0.000000,
            0.194252, 0.058919, 0.221254,      0.577349, -0.577380, 0.577288,      0.869700, 0.313000,      24, 0, 0, 0,      1.000000, 0.000000, 0.000000, 0.000000,
            0.134055, 0.058944, 0.041745,      -0.577319, 0.577288, 0.577380,      0.922300, 0.295500,      24, 0, 0, 0,      1.000000, 0.000000, 0.000000, 0.000000,
            0.134055, 0.058919, 0.221255,      -0.577349, -0.577380, 0.577288,      0.869800, 0.295400,      24, 0, 0, 0,      1.000000, 0.000000, 0.000000, 0.000000,
            0.134055, -0.007666, 0.041745,      -0.577349, 0.577349, -0.577349,      0.922400, 0.276000,      24, 0, 0, 0,      1.000000, 0.000000, 0.000000, 0.000000,
            0.194252, -0.007666, 0.221254,      0.577349, -0.577349, -0.577349,      0.852300, 0.275800,      24, 0, 0, 0,      1.000000, 0.000000, 0.000000, 0.000000,
            0.034399, 0.094079, 0.038919,      0.132694, 0.672445, 0.728111,      0.634700, 0.335400,      2, 0, 0, 0,      1.000000, 0.000000, 0.000000, 0.000000,
            0.129510, -0.007666, 0.038919,      0.577349, 0.577349, -0.577349,      0.659600, 0.369400,      2, 0, 0, 0,      1.000000, 0.000000, 0.000000, 0.000000,
            -0.086437, -0.007666, 0.038919,      -0.577349, 0.577349, -0.577349,      0.669100, 0.304500,      2, 0, 0, 0,      1.000000, 0.000000, 0.000000, 0.000000,
            0.129510, -0.007666, 0.224080,      0.577349, -0.577349, -0.577349,      0.715300, 0.379300,      2, 0, 0, 0,      1.000000, 0.000000, 0.000000, 0.000000,
            0.129510, 0.060148, 0.038919,      0.655354, 0.597522, 0.461989,      0.656800, 0.391000,      2, 0, 0, 0,      1.000000, 0.000000, 0.000000, 0.000000,
            0.129510, 0.060148, 0.224080,      0.655354, -0.597522, 0.461989,      0.712100, 0.399600,      2, 0, 0, 0,      1.000000, 0.000000, 0.000000, 0.000000,
            -0.086437, -0.007666, 0.224080,      -0.577349, -0.577349, -0.577349,      0.725200, 0.314800,      2, 0, 0, 0,      1.000000, 0.000000, 0.000000, 0.000000,
            0.034399, 0.094079, 0.224080,      0.132694, -0.672445, 0.728111,      0.580900, 0.337900,      2, 0, 0, 0,      1.000000, 0.000000, 0.000000, 0.000000,
            0.129510, -0.007666, 0.224080,      0.577349, -0.577349, -0.577349,      0.559500, 0.372700,      2, 0, 0, 0,      1.000000, 0.000000, 0.000000, 0.000000,
            0.129510, 0.060148, 0.224080,      0.655354, -0.597522, 0.461989,      0.580400, 0.367900,      2, 0, 0, 0,      1.000000, 0.000000, 0.000000, 0.000000,
            0.129510, 0.060148, 0.038919,      0.655354, 0.597522, 0.461989,      0.638100, 0.365200,      2, 0, 0, 0,      1.000000, 0.000000, 0.000000, 0.000000,
            -0.086437, 0.096241, 0.224080,      -0.572619, -0.576403, 0.582934,      0.730000, 0.283800,      2, 0, 0, 0,      1.000000, 0.000000, 0.000000, 0.000000,
            -0.086437, 0.096241, 0.224080,      -0.572619, -0.576403, 0.582934,      0.577000, 0.302100,      2, 0, 0, 0,      1.000000, 0.000000, 0.000000, 0.000000,
            -0.086437, 0.096241, 0.038919,      -0.572619, 0.576403, 0.582934,      0.635200, 0.299300,      2, 0, 0, 0,      1.000000, 0.000000, 0.000000, 0.000000,
            -0.086437, -0.007666, 0.224080,      -0.577349, -0.577349, -0.577349,      0.544300, 0.308600,      2, 0, 0, 0,      1.000000, 0.000000, 0.000000, 0.000000,
            0.052974, 0.104472, 0.063514,      0.475204, 0.479904, -0.737449,      0.793500, 0.857700,      8, 0, 0, 0,      1.000000, 0.000000, 0.000000, 0.000000,
            -0.128649, 0.243490, 0.018158,      -0.720298, 0.690451, 0.066347,      0.777900, 0.930800,      8, 0, 0, 0,      1.000000, 0.000000, 0.000000, 0.000000,
            0.100173, 0.243490, 0.018796,      0.724845, 0.687124, 0.049196,      0.835000, 0.884200,      8, 0, 0, 0,      1.000000, 0.000000, 0.000000, 0.000000,
            -0.128845, 0.243490, 0.241574,      -0.732780, -0.678365, 0.053011,      0.846500, 0.753200,      8, 0, 0, 0,      1.000000, 0.000000, 0.000000, 0.000000,
