--Binary OBject file export from Blender
BOB = {
   version = 1;
   registry = {
      --1 = "Body";
      --0 = "Armature";
   };
   chunks = {
      {
         type = "skeleton";
         name = "Armature";
         version = 1;
         flags = 1;
         id = "Armature;
         bones = {
            {
               name = "hips";
               parent = "";
               matrix = { 1.0, -7.105427357601002e-15, 2.14907657891672e-07, 0.0, 8.093101655504142e-08, 0.9263820648193359, -0.37658506631851196, 0.48690909147262573, -1.9908659965039988e-07, 0.37658506631851196, 0.9263820648193359, -0.0551999993622303, 0.0, 0.0, 0.0, 1.0,  };
            };
            {
               name = "lk_foot.L";
               parent = "";
               matrix = { 1.0, 0.0, 1.5099580252808664e-07, 0.13882020115852356, 0.0, -1.0, 0.0, 0.0851999968290329, 1.5099580252808664e-07, 0.0, -1.0, -0.016200000420212746, 0.0, 0.0, 0.0, 1.0,  };
            };
            {
               name = "lk_foot.R";
               parent = "";
               matrix = { 1.0, 0.0, 1.5099580252808664e-07, -0.13882020115852356, 0.0, -1.0, 0.0, 0.0851999968290329, 1.5099580252808664e-07, 0.0, -1.0, -0.016200000420212746, 0.0, 0.0, 0.0, 1.0,  };
            };
            {
               name = "spine";
               parent = "hips";
               matrix = { 1.0, 0.0, 2.9690363589907065e-07, -7.169860200986571e-16, 2.763169604236282e-08, 0.9956599473953247, -0.0930662453174591, 0.5803873538970947, -2.95615052436915e-07, 0.09306621551513672, 0.9956600069999695, -0.01720000058412552, 0.0, 0.0, 0.0, 1.0,  };
            };
            {
               name = "thigh.L";
               parent = "hips";
               matrix = { 0.9982839226722717, 0.05832938849925995, 0.005191625561565161, 0.12459384649991989, 0.058555930852890015, -0.9953217506408691, -0.07684963941574097, 0.49265021085739136, 0.0006849858909845352, 0.07702144980430603, -0.9970284104347229, -0.020094886422157288, 0.0, 0.0, 0.0, 1.0,  };
            };
            {
               name = "thigh.R";
               parent = "hips";
               matrix = { 0.9982839226722717, -0.058329418301582336, -0.0051916674710810184, -0.12459384649991989, -0.058555968105793, -0.9953216910362244, -0.07684963941574097, 0.49265021085739136, -0.0006850305944681168, 0.07702139019966125, -0.9970283508300781, -0.020094886422157288, 0.0, 0.0, 0.0, 1.0,  };
            };
            {
               name = "ribs";
               parent = "spine";
               matrix = { 1.0, 7.105427357601002e-15, 2.842170943040401e-14, -7.169860200986571e-16, -1.7763568394002505e-14, 0.9987771511077881, 0.04943908751010895, 0.7601205110549927, 0.0, -0.049439139664173126, 0.9987772703170776, -0.000400003045797348, 0.0, 0.0, 0.0, 1.0,  };
            };
            {
               name = "shin.L";
               parent = "thigh.L";
               matrix = { 0.9998173117637634, 0.014385980553925037, 0.012583328410983086, 0.1356746107339859, 0.013749433681368828, -0.998690128326416, 0.04928512126207352, 0.3035701513290405, 0.013276079669594765, -0.04910333454608917, -0.9987046718597412, -0.005463216453790665, 0.0, 0.0, 0.0, 1.0,  };
            };
            {
               name = "shin.R";
               parent = "thigh.R";
               matrix = { 0.9998173117637634, -0.014385993592441082, -0.012583332136273384, -0.1356746107339859, -0.013749442063272, -0.9986901879310608, 0.04928509145975113, 0.3035701811313629, -0.013276082463562489, -0.04910333454608917, -0.9987045526504517, -0.00546322762966156, 0.0, 0.0, 0.0, 1.0,  };
            };
            {
               name = "neck";
               parent = "ribs";
               matrix = { 1.0, -4.271950530137809e-15, 1.49011640360186e-07, 8.639412601287131e-16, 4.7790820190130034e-08, 0.9471745491027832, -0.32071879506111145, 1.0111477375030518, -1.4114000634890544e-07, 0.32071876525878906, 0.947174608707428, -0.01140000019222498, 0.0, 0.0, 0.0, 1.0,  };
            };
            {
               name = "shoulder.L";
               parent = "ribs";
               matrix = { 0.32524317502975464, 0.9456303119659424, 0.0005767494440078735, 0.031063778325915337, 4.673004150390625e-05, -0.0006259046494960785, 0.9999998807907104, 0.9701021313667297, 0.9456307291984558, -0.3252433240413666, -0.0002478659152984619, 0.031469766050577164, 0.0, 0.0, 0.0, 1.0,  };
            };
            {
               name = "shoulder.R";
               parent = "ribs";
               matrix = { 0.32524317502975464, -0.9456303119659424, -0.0005767494440078735, -0.031063778325915337, -4.673004150390625e-05, -0.0006259046494960785, 0.9999998807907104, 0.9701021313667297, -0.9456307291984558, -0.3252433240413666, -0.0002478659152984619, 0.031469766050577164, 0.0, 0.0, 0.0, 1.0,  };
            };
            {
               name = "head";
               parent = "neck";
               matrix = { 1.0, -3.552713678800501e-15, 1.4210854715202004e-14, 3.830919850381163e-16, -1.4210854715202004e-14, 1.0, -5.960464477539063e-08, 1.1177613735198975, 2.842170943040401e-14, 0.0, 1.0000001192092896, 0.024699993431568146, 0.0, 0.0, 0.0, 1.0,  };
            };
            {
               name = "upper_arm.L";
               parent = "shoulder.L";
               matrix = { -0.9104819297790527, 0.37259969115257263, 0.17942200601100922, 0.20806379616260529, -0.3783501982688904, -0.9256596565246582, 0.0023382226936519146, 0.9496020674705505, 0.1669551283121109, -0.06575537472963333, 0.9837698340415955, -0.026700090616941452, 0.0, 0.0, 0.0, 1.0,  };
            };
            {
               name = "upper_arm.R";
               parent = "shoulder.R";
               matrix = { -0.9104819297790527, -0.37259969115257263, -0.17942200601100922, -0.20806379616260529, 0.3783501982688904, -0.9256596565246582, 0.0023382226936519146, 0.9496020674705505, -0.1669551283121109, -0.06575537472963333, 0.9837698340415955, -0.026700090616941452, 0.0, 0.0, 0.0, 1.0,  };
            };
            {
               name = "forearm.L";
               parent = "upper_arm.L";
               matrix = { -0.9780582785606384, 0.13742561638355255, -0.1565769612789154, 0.29667189717292786, -0.1610681414604187, -0.9754871726036072, 0.1499391347169876, 0.7294705510139465, -0.13213329017162323, 0.1718689501285553, 0.976218581199646, -0.04233740270137787, 0.0, 0.0, 0.0, 1.0,  };
            };
            {
               name = "forearm.R";
               parent = "upper_arm.R";
               matrix = { -0.9780582785606384, -0.13742561638355255, 0.1565769612789154, -0.29667189717292786, 0.1610681414604187, -0.9754871726036072, 0.1499391347169876, 0.7294705510139465, 0.13213329017162323, 0.1718689501285553, 0.976218581199646, -0.04233740270137787, 0.0, 0.0, 0.0, 1.0,  };
            };
            {
               name = "hand.L";
               parent = "forearm.L";
               matrix = { 0.12341940402984619, 0.10272965580224991, -0.9870229363441467, 0.32440483570098877, -0.11152292788028717, -0.9868902564048767, -0.11666100472211838, 0.5326140522956848, -0.9860684275627136, 0.12447406351566315, -0.11034467071294785, -0.007653690874576569, 0.0, 0.0, 0.0, 1.0,  };
            };
            {
               name = "hand.R";
               parent = "forearm.R";
               matrix = { 0.12341940402984619, -0.10272965580224991, 0.9870229363441467, -0.32440483570098877, 0.11152292788028717, -0.9868902564048767, -0.11666100472211838, 0.5326140522956848, 0.9860684275627136, 0.12447406351566315, -0.11034467071294785, -0.007653690874576569, 0.0, 0.0, 0.0, 1.0,  };
            };
            {
               name = "foot.L";
               parent = "lk_foot.L";
               matrix = { 1.0, 0.0, 3.6010294479638105e-07, 0.13882020115852356, 3.3914844266291766e-07, -0.33614659309387207, -0.9418097138404846, 0.0851999968290329, 1.210473499213549e-07, 0.9418097138404846, -0.3361465334892273, -0.016200000420212746, 0.0, 0.0, 0.0, 1.0,  };
            };
            {
               name = "heel.L";
               parent = "lk_foot.L";
               matrix = { -1.0, 9.947598300641403e-14, 7.152556918299524e-06, 0.13882020115852356, -4.245367563271429e-06, -0.8048001527786255, -0.5935455560684204, 0.0851999968290329, 5.756381142418832e-06, -0.5935452580451965, 0.8048004508018494, -0.016200000420212746, 0.0, 0.0, 0.0, 1.0,  };
            };
            {
               name = "toe.L";
               parent = "foot.L";
               matrix = { -1.0, -1.4210854715202004e-14, 2.677299164588476e-07, 0.13882020115852356, 2.6724694635049673e-07, -0.060039013624191284, 0.9981961250305176, 0.032731205224990845, 1.6074253039732866e-08, 0.9981957674026489, 0.060039013624191284, 0.13080614805221558, 0.0, 0.0, 0.0, 1.0,  };
            };
            {
               name = "foot.R";
               parent = "lk_foot.R";
               matrix = { 1.0, 0.0, -3.601030016397999e-07, -0.13882020115852356, -3.391484710846271e-07, -0.33614659309387207, -0.9418097138404846, 0.0851999968290329, -1.2104742097562848e-07, 0.9418097138404846, -0.3361465334892273, -0.016200000420212746, 0.0, 0.0, 0.0, 1.0,  };
            };
            {
               name = "heel.R";
               parent = "lk_foot.R";
               matrix = { -1.0, 9.947598300641403e-14, -6.977712018851889e-06, -0.13882020115852356, 4.1415892155782785e-06, -0.8048001527786255, -0.5935455560684204, 0.0851999968290329, -5.615665031655226e-06, -0.5935452580451965, 0.8048004508018494, -0.016200000420212746, 0.0, 0.0, 0.0, 1.0,  };
            };
            {
               name = "toe.R";
               parent = "foot.R";
               matrix = { -1.0, -3.552713678800501e-14, -2.677298596154287e-07, -0.13882020115852356, -2.672470031939156e-07, -0.060039013624191284, 0.9981961250305176, 0.032731205224990845, -1.607423882887815e-08, 0.9981957674026489, 0.060039013624191284, 0.13080614805221558, 0.0, 0.0, 0.0, 1.0,  };
            };
         };
      };
      {
         type = "model";
         name = "Body";
         version = 1;
         flags = 1;
         primativeType = "TRI";
         vertexFormat = "V3N3T2B4B4";
         indexFormat = "UInt16";
         vertexCount = 462;
         indexCount = 1602;
         skeleton = "Armature";
         meshes={
            {
               material = "Body";
               indexStart = 0;
               indexCount = 1020;
            };
            {
               material = "Hat";
               indexStart = 1020;
               indexCount = 288;
            };
            {
               material = "Axe";
               indexStart = 1308;
               indexCount = 144;
            };
            {
               material = "Backpack";
               indexStart = 1452;
               indexCount = 150;
            };
         };
         materials = {
            {
               name = "Body";
               ambient = { r=1.0000, g=1.0000, b=1.0000 };
               diffuse = { r=0.6400, g=0.6400, b=0.6400 };
               spec = { r=0.5000, g=0.5000, b=0.5000 };
               emission = { r=0.0000, g=0.0000, b=0.0000 };
               shininess = 50.0000;
               alpha = 1.0000;
               diffuseTexture = "mini_knight.png";
            };
            {
               name = "Hat";
               ambient = { r=1.0000, g=1.0000, b=1.0000 };
               diffuse = { r=0.6400, g=0.6400, b=0.6400 };
               spec = { r=0.5000, g=0.5000, b=0.5000 };
               emission = { r=0.0000, g=0.0000, b=0.0000 };
               shininess = 50.0000;
               alpha = 1.0000;
               diffuseTexture = "mini_knight.png";
            };
            {
               name = "Axe";
               ambient = { r=1.0000, g=1.0000, b=1.0000 };
               diffuse = { r=0.6400, g=0.6400, b=0.6400 };
               spec = { r=0.5000, g=0.5000, b=0.5000 };
               emission = { r=0.0000, g=0.0000, b=0.0000 };
               shininess = 50.0000;
               alpha = 1.0000;
               diffuseTexture = "mini_knight.png";
            };
            {
               name = "Backpack";
               ambient = { r=1.0000, g=1.0000, b=1.0000 };
               diffuse = { r=0.6400, g=0.6400, b=0.6400 };
               spec = { r=0.5000, g=0.5000, b=0.5000 };
               emission = { r=0.0000, g=0.0000, b=0.0000 };
               shininess = 50.0000;
               alpha = 1.0000;
               diffuseTexture = "mini_knight.png";
            };
         };
         verts={
            0.860300, -0.595400, -1.934000,      0.584674, -0.550951, -0.595447,      0.200500, 0.111700,      0, 0, 0, 0,      1.000000, 0.000000, 0.000000, 0.000000
            0.836200, 0.492600, -2.623100,      0.705893, 0.069765, 0.704856,      0.103400, 0.171300,      3, 0, 0, 0,      0.500000, 0.500000, 0.000000, 0.000000
            0.860300, 0.536700, -1.933500,      0.584674, -0.551469, 0.594958,      0.100800, 0.109700,      0, 0, 0, 0,      1.000000, 0.000000, 0.000000, 0.000000
            0.000000, -0.461100, -4.002800,      0.000000, 0.729850, -0.683584,      0.184200, 0.365500,      6, 0, 0, 0,      1.000000, 0.000000, 0.000000, 0.000000
            0.787900, 0.404400, -4.002300,      0.569445, 0.602954, 0.558672,      0.109200, 0.293500,      6, 0, 0, 0,      1.000000, 0.000000, 0.000000, 0.000000
            0.787900, -0.461100, -4.002800,      0.569445, 0.603565, -0.558031,      0.185400, 0.295400,      6, 0, 0, 0,      1.000000, 0.000000, 0.000000, 0.000000
            0.000000, 0.536700, -1.933500,      0.000000, -0.684317, 0.729148,      0.102100, 0.033300,      0, 0, 0, 0,      1.000000, 0.000000, 0.000000, 0.000000
            0.000000, -0.595400, -1.934000,      0.000000, -0.683676, -0.729759,      0.201800, 0.034900,      0, 0, 0, 0,      1.000000, 0.000000, 0.000000, 0.000000
            0.000000, 0.536700, -1.933500,      0.000000, -0.684317, 0.729148,      0.025200, 0.116400,      0, 0, 0, 0,      1.000000, 0.000000, 0.000000, 0.000000
            0.000000, 0.448500, -3.312700,      0.000000, 0.063814, 0.997955,      0.034700, 0.237700,      3, 6, 0, 0,      0.500000, 0.500000, 0.000000, 0.000000
            0.812000, 0.448500, -3.312700,      0.705863, 0.069796, 0.704886,      0.106000, 0.232100,      4, 3, 6, 0,      0.016712, 0.500000, 0.500000, 0.000000
            0.812000, -0.505900, -3.313200,      0.705863, 0.070498, -0.704825,      0.190000, 0.234000,      4, 3, 6, 0,      0.050908, 0.500000, 0.500000, 0.000000
            0.836200, -0.550700, -2.623600,      0.705863, 0.070437, -0.704794,      0.195200, 0.173300,      3, 0, 0, 0,      0.500000, 0.500000, 0.000000, 0.000000
            0.000000, -0.595400, -1.934000,      0.000000, -0.683676, -0.729759,      0.275600, 0.121800,      0, 0, 0, 0,      1.000000, 0.000000, 0.000000, 0.000000
            0.000000, -0.550700, -2.623600,      0.000000, 0.064730, -0.997894,      0.268300, 0.182200,      3, 0, 0, 0,      0.500000, 0.500000, 0.000000, 0.000000
            0.000000, -0.505900, -3.313200,      0.000000, 0.064821, -0.997894,      0.260900, 0.242500,      3, 6, 0, 0,      0.500000, 0.500000, 0.000000, 0.000000
            0.000000, 0.492600, -2.623100,      0.000000, 0.063814, 0.997955,      0.030000, 0.177000,      3, 0, 0, 0,      0.500000, 0.500000, 0.000000, 0.000000
            1.638800, 0.398100, -1.739100,      0.627827, -0.445143, 0.638447,      0.957500, 0.389100,      17, 0, 0, 0,      1.000000, 0.000000, 0.000000, 0.000000
            1.604500, -0.419000, -2.099700,      0.518632, 0.582202, -0.626118,      0.988700, 0.334200,      17, 0, 0, 0,      1.000000, 0.000000, 0.000000, 0.000000
            1.587000, 0.353800, -2.176100,      0.492599, 0.695730, 0.522721,      0.988500, 0.389700,      17, 0, 0, 0,      1.000000, 0.000000, 0.000000, 0.000000
            1.072500, -0.381000, -1.592900,      -0.492599, -0.695730, -0.522721,      0.957200, 0.292000,      17, 0, 0, 0,      1.000000, 0.000000, 0.000000, 0.000000
            1.020700, -0.425300, -2.029900,      -0.627827, 0.445143, -0.638447,      0.988800, 0.292100,      17, 0, 0, 0,      1.000000, 0.000000, 0.000000, 0.000000
            1.055000, 0.391800, -1.669300,      -0.518632, -0.582202, 0.626118,      0.916100, 0.388400,      17, 0, 0, 0,      1.000000, 0.000000, 0.000000, 0.000000
            1.656300, -0.374600, -1.662700,      0.653859, -0.558672, -0.510178,      0.957700, 0.333600,      17, 0, 0, 0,      1.000000, 0.000000, 0.000000, 0.000000
            1.020700, -0.425300, -2.029900,      -0.627827, 0.445143, -0.638447,      0.884700, 0.332800,      17, 0, 0, 0,      1.000000, 0.000000, 0.000000, 0.000000
            1.003200, 0.347400, -2.106300,      -0.653859, 0.558672, 0.510178,      0.884500, 0.388300,      17, 0, 0, 0,      1.000000, 0.000000, 0.000000, 0.000000
            1.604500, -0.419000, -2.099700,      0.518632, 0.582202, -0.626118,      0.842700, 0.332700,      17, 0, 0, 0,      1.000000, 0.000000, 0.000000, 0.000000
            1.587000, 0.353800, -2.176100,      0.492599, 0.695730, 0.522721,      0.842500, 0.388200,      17, 0, 0, 0,      1.000000, 0.000000, 0.000000, 0.000000
            1.055000, 0.391800, -1.669300,      -0.518632, -0.582202, 0.626118,      0.956800, 0.431600,      17, 0, 0, 0,      1.000000, 0.000000, 0.000000, 0.000000
            1.003200, 0.347400, -2.106300,      -0.653859, 0.558672, 0.510178,      0.988400, 0.431700,      17, 0, 0, 0,      1.000000, 0.000000, 0.000000, 0.000000
            1.579700, 0.382600, -2.220200,      0.597888, -0.505356, 0.622181,      0.848300, 0.551400,      15, 0, 0, 0,      1.000000, 0.000000, 0.000000, 0.000000
            1.046400, -0.436400, -2.072900,      -0.449812, -0.749931, -0.484970,      0.871400, 0.612100,      15, 0, 0, 0,      1.000000, 0.000000, 0.000000, 0.000000
            1.582700, -0.445800, -2.136000,      0.598773, -0.626484, -0.498947,      0.836700, 0.604900,      15, 0, 0, 0,      1.000000, 0.000000, 0.000000, 0.000000
            0.876200, 0.364200, -2.745600,      -0.699515, 0.006653, 0.714560,      0.922100, 0.566600,      15, 0, 0, 0,      1.000000, 0.000000, 0.000000, 0.000000
            0.879500, -0.543300, -2.653400,      -0.697928, -0.155065, -0.699149,      0.910000, 0.623600,      15, 0, 0, 0,      1.000000, 0.000000, 0.000000, 0.000000
            1.605700, 0.352500, -2.824600,      0.706107, 0.209143, 0.676473,      0.926300, 0.521500,      15, 0, 0, 0,      1.000000, 0.000000, 0.000000, 0.000000
            1.043400, 0.392000, -2.157100,      -0.449049, -0.627583, 0.635945,      0.882700, 0.557800,      15, 0, 0, 0,      1.000000, 0.000000, 0.000000, 0.000000
            1.579700, 0.382600, -2.220200,      0.597888, -0.505356, 0.622181,      0.886800, 0.521200,      15, 0, 0, 0,      1.000000, 0.000000, 0.000000, 0.000000
            0.863100, 0.301200, -2.944200,      -0.642201, 0.619465, 0.451430,      0.935600, 0.569500,      15, 0, 0, 0,      1.000000, 0.000000, 0.000000, 0.000000
            0.866100, -0.527200, -2.860000,      -0.640797, 0.509354, -0.574358,      0.923700, 0.624100,      15, 0, 0, 0,      1.000000, 0.000000, 0.000000, 0.000000
            1.046400, -0.436400, -2.072900,      -0.449812, -0.749931, -0.484970,      0.881600, 0.429500,      15, 0, 0, 0,      1.000000, 0.000000, 0.000000, 0.000000
            1.609000, -0.555000, -2.732300,      0.707144, 0.051912, -0.705130,      0.926400, 0.464100,      15, 0, 0, 0,      1.000000, 0.000000, 0.000000, 0.000000
            1.582700, -0.445800, -2.136000,      0.598773, -0.626484, -0.498947,      0.886900, 0.465200,      15, 0, 0, 0,      1.000000, 0.000000, 0.000000, 0.000000
            1.542600, -0.539000, -2.939700,      0.436140, 0.671316, -0.599231,      0.940000, 0.463300,      15, 0, 0, 0,      1.000000, 0.000000, 0.000000, 0.000000
            0.879500, -0.543300, -2.653400,      -0.697928, -0.155065, -0.699149,      0.920600, 0.417500,      15, 0, 0, 0,      1.000000, 0.000000, 0.000000, 0.000000
            0.866100, -0.527200, -2.860000,      -0.640797, 0.509354, -0.574358,      0.934800, 0.416900,      15, 0, 0, 0,      1.000000, 0.000000, 0.000000, 0.000000
            1.539600, 0.289400, -3.023900,      0.437056, 0.784570, 0.439772,      0.940000, 0.521900,      15, 0, 0, 0,      1.000000, 0.000000, 0.000000, 0.000000
            1.539600, 0.289400, -3.023900,      0.437056, 0.784570, 0.439772,      0.979000, 0.580600,      15, 0, 0, 0,      1.000000, 0.000000, 0.000000, 0.000000
            1.542600, -0.539000, -2.939700,      0.436140, 0.671316, -0.599231,      0.967300, 0.634100,      15, 0, 0, 0,      1.000000, 0.000000, 0.000000, 0.000000
            0.169900, 0.790600, 0.031200,      -0.577349, -0.577349, 0.577349,      0.922500, 0.258400,      21, 0, 0, 0,      1.000000, 0.000000, 0.000000, 0.000000
            0.900500, 0.545600, 0.031200,      0.577349, -0.577349, -0.577349,      0.869900, 0.275900,      21, 0, 0, 0,      1.000000, 0.000000, 0.000000, 0.000000
            0.900500, 0.790600, 0.031200,      0.577349, -0.577349, 0.577349,      0.869900, 0.258200,      21, 0, 0, 0,      1.000000, 0.000000, 0.000000, 0.000000
            0.169900, 0.545600, 0.031200,      -0.577349, -0.577349, -0.577349,      0.782100, 0.275300,      21, 0, 0, 0,      1.000000, 0.000000, 0.000000, 0.000000
            0.169900, 0.790600, -0.239900,      -0.577288, 0.577380, 0.577319,      0.799500, 0.294900,      21, 0, 0, 0,      1.000000, 0.000000, 0.000000, 0.000000
            0.169900, 0.545600, -0.239900,      -0.577288, 0.577380, -0.577319,      0.781900, 0.294800,      21, 0, 0, 0,      1.000000, 0.000000, 0.000000, 0.000000
            0.900500, 0.790600, -0.239800,      0.577380, 0.577288, 0.577349,      0.852100, 0.295300,      21, 0, 0, 0,      1.000000, 0.000000, 0.000000, 0.000000
            0.169900, 0.790600, 0.031200,      -0.577349, -0.577349, 0.577349,      0.799700, 0.275400,      21, 0, 0, 0,      1.000000, 0.000000, 0.000000, 0.000000
            0.900500, 0.790600, 0.031200,      0.577349, -0.577349, 0.577349,      0.852300, 0.275800,      21, 0, 0, 0,      1.000000, 0.000000, 0.000000, 0.000000
            0.169900, 0.545600, -0.239900,      -0.577288, 0.577380, -0.577319,      0.922300, 0.295500,      21, 0, 0, 0,      1.000000, 0.000000, 0.000000, 0.000000
            0.900500, 0.790600, -0.239800,      0.577380, 0.577288, 0.577349,      0.869700, 0.313000,      21, 0, 0, 0,      1.000000, 0.000000, 0.000000, 0.000000
            0.900500, 0.545600, -0.239800,      0.577380, 0.577288, -0.577349,      0.869800, 0.295400,      21, 0, 0, 0,      1.000000, 0.000000, 0.000000, 0.000000
            0.169900, 0.545600, 0.031200,      -0.577349, -0.577349, -0.577349,      0.922400, 0.276000,      21, 0, 0, 0,      1.000000, 0.000000, 0.000000, 0.000000
            0.158400, 0.527100, 0.031200,      -0.577349, -0.577349, 0.577349,      0.659600, 0.369400,      1, 0, 0, 0,      1.000000, 0.000000, 0.000000, 0.000000
            0.158400, 0.140000, -0.382900,      -0.672445, 0.728111, 0.132694,      0.634700, 0.335400,      1, 0, 0, 0,      1.000000, 0.000000, 0.000000, 0.000000
            0.158400, -0.351800, 0.031200,      -0.577349, -0.577349, -0.577349,      0.669100, 0.304500,      1, 0, 0, 0,      1.000000, 0.000000, 0.000000, 0.000000
            0.158400, 0.527100, -0.244800,      -0.597522, 0.461989, 0.655354,      0.656800, 0.391000,      1, 0, 0, 0,      1.000000, 0.000000, 0.000000, 0.000000
            0.912000, 0.527100, 0.031200,      0.577349, -0.577349, 0.577349,      0.715300, 0.379300,      1, 0, 0, 0,      1.000000, 0.000000, 0.000000, 0.000000
            0.912000, 0.527100, -0.244800,      0.597522, 0.461989, 0.655354,      0.712100, 0.399600,      1, 0, 0, 0,      1.000000, 0.000000, 0.000000, 0.000000
            0.912000, -0.351800, 0.031200,      0.577349, -0.577349, -0.577349,      0.725200, 0.314800,      1, 0, 0, 0,      1.000000, 0.000000, 0.000000, 0.000000
            0.912000, 0.140000, -0.382900,      0.672445, 0.728111, 0.132694,      0.580900, 0.337900,      1, 0, 0, 0,      1.000000, 0.000000, 0.000000, 0.000000
            0.912000, 0.527100, 0.031200,      0.577349, -0.577349, 0.577349,      0.559500, 0.372700,      1, 0, 0, 0,      1.000000, 0.000000, 0.000000, 0.000000
            0.912000, -0.351800, 0.031200,      0.577349, -0.577349, -0.577349,      0.544300, 0.308600,      1, 0, 0, 0,      1.000000, 0.000000, 0.000000, 0.000000
            0.158400, 0.527100, -0.244800,      -0.597522, 0.461989, 0.655354,      0.638100, 0.365200,      1, 0, 0, 0,      1.000000, 0.000000, 0.000000, 0.000000
            0.912000, -0.351800, -0.391700,      0.576403, 0.582934, -0.572619,      0.730000, 0.283800,      1, 0, 0, 0,      1.000000, 0.000000, 0.000000, 0.000000
            0.912000, -0.351800, -0.391700,      0.576403, 0.582934, -0.572619,      0.577000, 0.302100,      1, 0, 0, 0,      1.000000, 0.000000, 0.000000, 0.000000
            0.158400, -0.351800, -0.391700,      -0.576403, 0.582934, -0.572619,      0.635200, 0.299300,      1, 0, 0, 0,      1.000000, 0.000000, 0.000000, 0.000000
            0.258500, 0.215600, -0.425200,      -0.479904, -0.737449, 0.475204,      0.793500, 0.857700,      7, 0, 0, 0,      1.000000, 0.000000, 0.000000, 0.000000
            0.073900, -0.523600, -0.991000,      -0.690451, 0.066347, -0.720298,      0.777900, 0.930800,      7, 0, 0, 0,      1.000000, 0.000000, 0.000000, 0.000000
            0.257400, -0.351100, -0.425200,      -0.479995, -0.730522, -0.485672,      0.758600, 0.886400,      7, 0, 0, 0,      1.000000, 0.000000, 0.000000, 0.000000
            0.257400, -0.351100, -0.425200,      -0.479995, -0.730522, -0.485672,      0.779900, 0.728400,      7, 0, 0, 0,      1.000000, 0.000000, 0.000000, 0.000000
            0.983200, -0.524400, -0.991000,      0.678365, 0.053011, -0.732780,      0.846500, 0.753200,      7, 0, 0, 0,      1.000000, 0.000000, 0.000000, 0.000000
            0.813100, -0.351900, -0.425200,      0.486343, -0.725608, -0.486740,      0.801600, 0.767600,      7, 0, 0, 0,      1.000000, 0.000000, 0.000000, 0.000000
            0.138700, -0.403100, -1.195200,      -0.493515, 0.776757, -0.391217,      0.834800, 0.690400,      7, 0, 0, 0,      1.000000, 0.000000, 0.000000, 0.000000
            0.939400, -0.404500, -1.195200,      0.528947, 0.751854, -0.393567,      0.862300, 0.752200,      7, 0, 0, 0,      1.000000, 0.000000, 0.000000, 0.000000
            0.138700, -0.403100, -1.195200,      -0.493515, 0.776757, -0.391217,      0.795900, 0.937600,      7, 0, 0, 0,      1.000000, 0.000000, 0.000000, 0.000000
            0.076500, 0.407700, -0.991000,      -0.687124, 0.049196, 0.724845,      0.835000, 0.884200,      7, 0, 0, 0,      1.000000, 0.000000, 0.000000, 0.000000
            0.140000, 0.294600, -1.195200,      -0.492080, 0.771081, 0.404004,      0.837800, 0.902700,      7, 0, 0, 0,      1.000000, 0.000000, 0.000000, 0.000000
            0.985900, 0.406900, -0.991000,      0.680410, 0.036683, 0.731895,      0.854800, 0.819000,      7, 0, 0, 0,      1.000000, 0.000000, 0.000000, 0.000000
            0.814200, 0.214800, -0.425200,      0.488876, -0.733238, 0.472549,      0.807400, 0.814400,      7, 0, 0, 0,      1.000000, 0.000000, 0.000000, 0.000000
            0.813100, -0.351900, -0.425200,      0.486343, -0.725608, -0.486740,      0.730800, 0.853100,      7, 0, 0, 0,      1.000000, 0.000000, 0.000000, 0.000000
            0.814200, 0.214800, -0.425200,      0.488876, -0.733238, 0.472549,      0.764800, 0.824700,      7, 0, 0, 0,      1.000000, 0.000000, 0.000000, 0.000000
            0.140000, 0.294600, -1.195200,      -0.492080, 0.771081, 0.404004,      0.856200, 0.882900,      7, 0, 0, 0,      1.000000, 0.000000, 0.000000, 0.000000
            0.940800, 0.293300, -1.195200,      0.527848, 0.749046, 0.400311,      0.870100, 0.816700,      7, 0, 0, 0,      1.000000, 0.000000, 0.000000, 0.000000
            0.939400, -0.404500, -1.195200,      0.528947, 0.751854, -0.393567,      0.836000, 0.985700,      7, 0, 0, 0,      1.000000, 0.000000, 0.000000, 0.000000
            -0.860300, -0.595400, -1.934000,      -0.584674, -0.550951, -0.595447,      0.200500, 0.111700,      0, 0, 0, 0,      1.000000, 0.000000, 0.000000, 0.000000
            -0.836200, 0.492600, -2.623100,      -0.705893, 0.069765, 0.704856,      0.103400, 0.171300,      11, 3, 0, 0,      0.006740, 0.500000, 0.500000, 0.000000
            -0.836200, -0.550700, -2.623600,      -0.705863, 0.070437, -0.704794,      0.195200, 0.173300,      3, 0, 0, 0,      0.500000, 0.500000, 0.000000, 0.000000
            -0.787900, 0.404400, -4.002300,      -0.569445, 0.602954, 0.558672,      0.109200, 0.293500,      6, 0, 0, 0,      1.000000, 0.000000, 0.000000, 0.000000
            -0.787900, -0.461100, -4.002800,      -0.569445, 0.603565, -0.558031,      0.185400, 0.295400,      6, 0, 0, 0,      1.000000, 0.000000, 0.000000, 0.000000
            -0.860300, 0.536700, -1.933500,      -0.584674, -0.551469, 0.594958,      0.100800, 0.109700,      0, 0, 0, 0,      1.000000, 0.000000, 0.000000, 0.000000
            0.000000, 0.404400, -4.002300,      0.000000, 0.729118, 0.684378,      0.039400, 0.298300,      6, 0, 0, 0,      1.000000, 0.000000, 0.000000, 0.000000
            -0.812000, -0.505900, -3.313200,      -0.705863, 0.070498, -0.704825,      0.190000, 0.234000,      5, 3, 6, 0,      0.001666, 0.500000, 0.500000, 0.000000
            -0.812000, 0.448500, -3.312700,      -0.705863, 0.069796, 0.704886,      0.106000, 0.232100,      5, 3, 6, 0,      0.012938, 0.500000, 0.500000, 0.000000
            -1.638800, 0.398100, -1.739100,      -0.627827, -0.445143, 0.638447,      0.957500, 0.389100,      18, 0, 0, 0,      1.000000, 0.000000, 0.000000, 0.000000
            -1.604500, -0.419000, -2.099700,      -0.518632, 0.582202, -0.626118,      0.988700, 0.334200,      18, 0, 0, 0,      1.000000, 0.000000, 0.000000, 0.000000
            -1.656300, -0.374600, -1.662700,      -0.653859, -0.558672, -0.510178,      0.957700, 0.333600,      18, 0, 0, 0,      1.000000, 0.000000, 0.000000, 0.000000
            -1.072500, -0.381000, -1.592900,      0.492599, -0.695730, -0.522721,      0.957200, 0.292000,      18, 0, 0, 0,      1.000000, 0.000000, 0.000000, 0.000000
            -1.020700, -0.425300, -2.029900,      0.627827, 0.445143, -0.638447,      0.988800, 0.292100,      18, 0, 0, 0,      1.000000, 0.000000, 0.000000, 0.000000
            -1.055000, 0.391800, -1.669300,      0.518632, -0.582202, 0.626118,      0.916100, 0.388400,      18, 0, 0, 0,      1.000000, 0.000000, 0.000000, 0.000000
            -1.072500, -0.381000, -1.592900,      0.492599, -0.695730, -0.522721,      0.916300, 0.332900,      18, 0, 0, 0,      1.000000, 0.000000, 0.000000, 0.000000
            -1.020700, -0.425300, -2.029900,      0.627827, 0.445143, -0.638447,      0.884700, 0.332800,      18, 0, 0, 0,      1.000000, 0.000000, 0.000000, 0.000000
            -1.003200, 0.347400, -2.106300,      0.653859, 0.558672, 0.510178,      0.884500, 0.388300,      18, 0, 0, 0,      1.000000, 0.000000, 0.000000, 0.000000
            -1.604500, -0.419000, -2.099700,      -0.518632, 0.582202, -0.626118,      0.842700, 0.332700,      18, 0, 0, 0,      1.000000, 0.000000, 0.000000, 0.000000
            -1.587000, 0.353800, -2.176100,      -0.492599, 0.695730, 0.522721,      0.842500, 0.388200,      18, 0, 0, 0,      1.000000, 0.000000, 0.000000, 0.000000
            -1.055000, 0.391800, -1.669300,      0.518632, -0.582202, 0.626118,      0.956800, 0.431600,      18, 0, 0, 0,      1.000000, 0.000000, 0.000000, 0.000000
            -1.587000, 0.353800, -2.176100,      -0.492599, 0.695730, 0.522721,      0.988500, 0.389700,      18, 0, 0, 0,      1.000000, 0.000000, 0.000000, 0.000000
            -1.579700, 0.382600, -2.220200,      -0.597888, -0.505356, 0.622181,      0.848300, 0.551400,      16, 0, 0, 0,      1.000000, 0.000000, 0.000000, 0.000000
            -1.046400, -0.436400, -2.072900,      0.449812, -0.749931, -0.484970,      0.871400, 0.612100,      16, 0, 0, 0,      1.000000, 0.000000, 0.000000, 0.000000
            -1.043400, 0.392000, -2.157100,      0.449049, -0.627583, 0.635945,      0.882700, 0.557800,      16, 0, 0, 0,      1.000000, 0.000000, 0.000000, 0.000000
            -0.876200, 0.364200, -2.745600,      0.699515, 0.006653, 0.714560,      0.922100, 0.566600,      16, 0, 0, 0,      1.000000, 0.000000, 0.000000, 0.000000
            -0.879500, -0.543300, -2.653400,      0.697928, -0.155065, -0.699149,      0.910000, 0.623600,      16, 0, 0, 0,      1.000000, 0.000000, 0.000000, 0.000000
            -1.605700, 0.352500, -2.824600,      -0.706107, 0.209143, 0.676473,      0.926300, 0.521500,      16, 0, 0, 0,      1.000000, 0.000000, 0.000000, 0.000000
            -0.863100, 0.301200, -2.944200,      0.642201, 0.619465, 0.451430,      0.935600, 0.569500,      16, 0, 0, 0,      1.000000, 0.000000, 0.000000, 0.000000
            -0.866100, -0.527200, -2.860000,      0.640797, 0.509354, -0.574358,      0.923700, 0.624100,      16, 0, 0, 0,      1.000000, 0.000000, 0.000000, 0.000000
            -1.609000, -0.555000, -2.732300,      -0.707144, 0.051912, -0.705130,      0.926400, 0.464100,      16, 0, 0, 0,      1.000000, 0.000000, 0.000000, 0.000000
            -1.046400, -0.436400, -2.072900,      0.449812, -0.749931, -0.484970,      0.881600, 0.429500,      16, 0, 0, 0,      1.000000, 0.000000, 0.000000, 0.000000
            -1.582700, -0.445800, -2.136000,      -0.598773, -0.626484, -0.498947,      0.886900, 0.465200,      16, 0, 0, 0,      1.000000, 0.000000, 0.000000, 0.000000
            -1.542600, -0.539000, -2.939700,      -0.436140, 0.671316, -0.599231,      0.940000, 0.463300,      16, 0, 0, 0,      1.000000, 0.000000, 0.000000, 0.000000
            -0.879500, -0.543300, -2.653400,      0.697928, -0.155065, -0.699149,      0.920600, 0.417500,      16, 0, 0, 0,      1.000000, 0.000000, 0.000000, 0.000000
            -1.539600, 0.289400, -3.023900,      -0.437056, 0.784570, 0.439772,      0.940000, 0.521900,      16, 0, 0, 0,      1.000000, 0.000000, 0.000000, 0.000000
            -1.539600, 0.289400, -3.023900,      -0.437056, 0.784570, 0.439772,      0.979000, 0.580600,      16, 0, 0, 0,      1.000000, 0.000000, 0.000000, 0.000000
            -1.542600, -0.539000, -2.939700,      -0.436140, 0.671316, -0.599231,      0.967300, 0.634100,      16, 0, 0, 0,      1.000000, 0.000000, 0.000000, 0.000000
            -0.900500, 0.545600, 0.031200,      -0.577349, -0.577349, -0.577349,      0.869900, 0.275900,      24, 0, 0, 0,      1.000000, 0.000000, 0.000000, 0.000000
            -0.169900, 0.790600, 0.031200,      0.577349, -0.577349, 0.577349,      0.922500, 0.258400,      24, 0, 0, 0,      1.000000, 0.000000, 0.000000, 0.000000
            -0.900500, 0.790600, 0.031200,      -0.577349, -0.577349, 0.577349,      0.869900, 0.258200,      24, 0, 0, 0,      1.000000, 0.000000, 0.000000, 0.000000
            -0.169900, 0.790600, -0.239900,      0.577288, 0.577380, 0.577319,      0.799500, 0.294900,      24, 0, 0, 0,      1.000000, 0.000000, 0.000000, 0.000000
            -0.169900, 0.545600, 0.031200,      0.577349, -0.577349, -0.577349,      0.782100, 0.275300,      24, 0, 0, 0,      1.000000, 0.000000, 0.000000, 0.000000
            -0.169900, 0.545600, -0.239900,      0.577288, 0.577380, -0.577319,      0.781900, 0.294800,      24, 0, 0, 0,      1.000000, 0.000000, 0.000000, 0.000000
            -0.900500, 0.790600, -0.239800,      -0.577380, 0.577288, 0.577349,      0.852100, 0.295300,      24, 0, 0, 0,      1.000000, 0.000000, 0.000000, 0.000000
            -0.169900, 0.790600, 0.031200,      0.577349, -0.577349, 0.577349,      0.799700, 0.275400,      24, 0, 0, 0,      1.000000, 0.000000, 0.000000, 0.000000
            -0.900500, 0.790600, -0.239800,      -0.577380, 0.577288, 0.577349,      0.869700, 0.313000,      24, 0, 0, 0,      1.000000, 0.000000, 0.000000, 0.000000
            -0.169900, 0.545600, -0.239900,      0.577288, 0.577380, -0.577319,      0.922300, 0.295500,      24, 0, 0, 0,      1.000000, 0.000000, 0.000000, 0.000000
            -0.900500, 0.545600, -0.239800,      -0.577380, 0.577288, -0.577349,      0.869800, 0.295400,      24, 0, 0, 0,      1.000000, 0.000000, 0.000000, 0.000000
            -0.169900, 0.545600, 0.031200,      0.577349, -0.577349, -0.577349,      0.922400, 0.276000,      24, 0, 0, 0,      1.000000, 0.000000, 0.000000, 0.000000
            -0.900500, 0.790600, 0.031200,      -0.577349, -0.577349, 0.577349,      0.852300, 0.275800,      24, 0, 0, 0,      1.000000, 0.000000, 0.000000, 0.000000
            -0.158400, 0.140000, -0.382900,      0.672445, 0.728111, 0.132694,      0.634700, 0.335400,      2, 0, 0, 0,      1.000000, 0.000000, 0.000000, 0.000000
            -0.158400, 0.527100, 0.031200,      0.577349, -0.577349, 0.577349,      0.659600, 0.369400,      2, 0, 0, 0,      1.000000, 0.000000, 0.000000, 0.000000
            -0.158400, -0.351800, 0.031200,      0.577349, -0.577349, -0.577349,      0.669100, 0.304500,      2, 0, 0, 0,      1.000000, 0.000000, 0.000000, 0.000000
            -0.912000, 0.527100, 0.031200,      -0.577349, -0.577349, 0.577349,      0.715300, 0.379300,      2, 0, 0, 0,      1.000000, 0.000000, 0.000000, 0.000000
            -0.158400, 0.527100, -0.244800,      0.597522, 0.461989, 0.655354,      0.656800, 0.391000,      2, 0, 0, 0,      1.000000, 0.000000, 0.000000, 0.000000
            -0.912000, 0.527100, -0.244800,      -0.597522, 0.461989, 0.655354,      0.712100, 0.399600,      2, 0, 0, 0,      1.000000, 0.000000, 0.000000, 0.000000
            -0.912000, -0.351800, 0.031200,      -0.577349, -0.577349, -0.577349,      0.725200, 0.314800,      2, 0, 0, 0,      1.000000, 0.000000, 0.000000, 0.000000
            -0.912000, 0.140000, -0.382900,      -0.672445, 0.728111, 0.132694,      0.580900, 0.337900,      2, 0, 0, 0,      1.000000, 0.000000, 0.000000, 0.000000
            -0.912000, 0.527100, 0.031200,      -0.577349, -0.577349, 0.577349,      0.559500, 0.372700,      2, 0, 0, 0,      1.000000, 0.000000, 0.000000, 0.000000
            -0.912000, 0.527100, -0.244800,      -0.597522, 0.461989, 0.655354,      0.580400, 0.367900,      2, 0, 0, 0,      1.000000, 0.000000, 0.000000, 0.000000
            -0.158400, 0.527100, -0.244800,      0.597522, 0.461989, 0.655354,      0.638100, 0.365200,      2, 0, 0, 0,      1.000000, 0.000000, 0.000000, 0.000000
            -0.912000, -0.351800, -0.391700,      -0.576403, 0.582934, -0.572619,      0.730000, 0.283800,      2, 0, 0, 0,      1.000000, 0.000000, 0.000000, 0.000000
            -0.912000, -0.351800, -0.391700,      -0.576403, 0.582934, -0.572619,      0.577000, 0.302100,      2, 0, 0, 0,      1.000000, 0.000000, 0.000000, 0.000000
            -0.158400, -0.351800, -0.391700,      0.576403, 0.582934, -0.572619,      0.635200, 0.299300,      2, 0, 0, 0,      1.000000, 0.000000, 0.000000, 0.000000
            -0.912000, -0.351800, 0.031200,      -0.577349, -0.577349, -0.577349,      0.544300, 0.308600,      2, 0, 0, 0,      1.000000, 0.000000, 0.000000, 0.000000
            -0.258500, 0.215600, -0.425200,      0.479904, -0.737449, 0.475204,      0.793500, 0.857700,      8, 0, 0, 0,      1.000000, 0.000000, 0.000000, 0.000000
            -0.073900, -0.523600, -0.991000,      0.690451, 0.066347, -0.720298,      0.777900, 0.930800,      8, 0, 0, 0,      1.000000, 0.000000, 0.000000, 0.000000
            -0.076500, 0.407700, -0.991000,      0.687124, 0.049196, 0.724845,      0.835000, 0.884200,      8, 0, 0, 0,      1.000000, 0.000000, 0.000000, 0.000000
            -0.983200, -0.524400, -0.991000,      -0.678365, 0.053011, -0.732780,      0.846500, 0.753200,      8, 0, 0, 0,      1.000000, 0.000000, 0.000000, 0.000000
            -0.257400, -0.351100, -0.425200,      0.479995, -0.730522, -0.485672,      0.779900, 0.728400,      8, 0, 0, 0,      1.000000, 0.000000, 0.000000, 0.000000
